规划路径
0.0,1.0,0.8,
0.0,0.95,0.8500000000000001,
0.0,0.8999999999999999,0.9000000000000001,
0.0,0.8499999999999999,0.9500000000000002,
0.0,0.7999999999999998,1.0000000000000002,
0.0,0.7999999999999998,1.0500000000000003,
0.0,0.7999999999999998,1.1000000000000003,
-0.05,0.7499999999999998,1.1500000000000004,
-0.05,0.7499999999999998,1.2000000000000004,
-0.05,0.7499999999999998,1.2500000000000004,
-0.05,0.7499999999999998,1.3000000000000005,
-0.05,0.7499999999999998,1.3500000000000005,
-0.05,0.7499999999999998,1.4000000000000006,
-0.1,0.7499999999999998,1.4500000000000006,
规划路径
-0.09999999999999964,0.7000000000000002,1.5,
-0.04999999999999964,0.7500000000000002,1.45,
3.608224830031759e-16,0.8000000000000003,1.4,
0.050000000000000364,0.8500000000000003,1.3499999999999999,
0.10000000000000037,0.9000000000000004,1.2999999999999998,
0.15000000000000036,0.9500000000000004,1.2499999999999998,
0.15000000000000036,1.0000000000000004,1.2499999999999998,
0.15000000000000036,1.0500000000000005,1.2499999999999998,
0.20000000000000034,1.1000000000000005,1.1999999999999997,
0.20000000000000034,1.1500000000000006,1.1999999999999997,
0.20000000000000034,1.2000000000000006,1.1999999999999997,
0.25000000000000033,1.2500000000000007,1.1499999999999997,
0.25000000000000033,1.3000000000000007,1.1499999999999997,
0.25000000000000033,1.3500000000000008,1.1499999999999997,
0.25000000000000033,1.4000000000000008,1.1499999999999997,
0.3000000000000003,1.4500000000000008,1.0999999999999996,
