规划路径
0.0,1.0,-3.0,
0.2,1.2,-3.0,
0.4,1.4,-3.0,
0.4,1.5999999999999999,-3.0,
0.4,1.7999999999999998,-3.0,
规划路径
0.5,2.11,-2.8,
0.7,2.11,-2.8,
0.8999999999999999,2.11,-2.8,
1.0999999999999999,2.11,-2.5999999999999996,
1.2999999999999998,2.11,-2.5999999999999996,
1.4999999999999998,2.11,-2.3999999999999995,
1.6999999999999997,2.11,-2.3999999999999995,
规划路径
2.0,2.01,-2.1999999999999997,
规划路径
1.7000000000000002,2.31,-2.4,
1.5000000000000002,2.11,-2.6,
1.3000000000000003,1.91,-2.6,
1.1000000000000003,1.71,-2.8000000000000003,
0.9000000000000004,1.51,-3.0000000000000004,
0.7000000000000004,1.31,-3.0000000000000004,
0.5000000000000004,1.11,-3.0000000000000004,
0.30000000000000043,0.9100000000000001,-3.0000000000000004,
规划路径
0.0,0.81,-3.0,
0.0,1.01,-3.0,
0.0,1.21,-3.0,
-0.2,1.41,-3.0,
-0.2,1.6099999999999999,-3.0,
-0.2,1.8099999999999998,-3.0,
规划路径
-0.2999999999999998,2.21,-2.8,
-0.49999999999999983,2.21,-2.8,
-0.6999999999999998,2.21,-2.8,
-0.8999999999999999,2.21,-2.5999999999999996,
-1.0999999999999999,2.21,-2.5999999999999996,
-1.2999999999999998,2.01,-2.5999999999999996,
-1.4999999999999998,2.01,-2.3999999999999995,
-1.6999999999999997,1.8099999999999998,-2.3999999999999995,
-1.8999999999999997,1.8099999999999998,-2.1999999999999993,
规划路径
-2.1999999999999997,1.7100000000000002,-2.0,
-2.4,1.9100000000000001,-1.8,
-2.6,2.1100000000000003,-1.6,
-2.6,2.1100000000000003,-1.4000000000000001,
-2.6,2.3100000000000005,-1.2000000000000002,
规划路径
-2.6999999999999997,2.31,-0.8999999999999995,
-2.6999999999999997,2.11,-0.6999999999999995,
-2.9,1.91,-0.4999999999999995,
-2.9,1.71,-0.2999999999999995,
-3.1,1.51,-0.09999999999999948,
-3.1,1.31,0.10000000000000053,
-3.1,1.11,0.30000000000000054,
-3.1,0.9100000000000001,0.5000000000000006,
-3.1,0.9100000000000001,0.7000000000000006,
-2.9,0.9100000000000001,0.9000000000000006,
规划路径
-2.9,0.81,1.2000000000000002,
-2.6999999999999997,0.81,1.4000000000000001,
-2.6999999999999997,0.81,1.6,
-2.4999999999999996,0.81,1.8,
-2.2999999999999994,0.81,2.0,
-2.099999999999999,0.81,2.2,
-1.8999999999999992,0.81,2.4000000000000004,
-1.6999999999999993,0.81,2.6000000000000005,
-1.4999999999999993,0.81,2.8000000000000007,
-1.2999999999999994,0.81,2.8000000000000007,
-1.0999999999999994,0.81,3.000000000000001,
规划路径
-0.7999999999999998,0.91,3.0,
-0.9999999999999998,0.71,3.0,
-1.1999999999999997,0.71,3.0,
规划路径
-1.5,0.6100000000000001,2.9000000000000004,
规划路径
-1.5999999999999996,0.51,3.0,
-1.3999999999999997,0.71,3.0,
-1.1999999999999997,0.9099999999999999,3.0,
-0.9999999999999998,1.1099999999999999,3.0,
-0.7999999999999998,1.3099999999999998,3.0,
-0.5999999999999999,1.5099999999999998,3.0,
-0.39999999999999986,1.7099999999999997,3.0,
规划路径
0.0,1.81,2.9000000000000004,
0.2,1.81,2.9000000000000004,
0.4,1.81,2.9000000000000004,
0.6000000000000001,1.81,2.9000000000000004,
0.8,1.81,2.9000000000000004,
1.0,2.0100000000000002,2.7,
1.2,2.0100000000000002,2.7,
1.4,2.0100000000000002,2.5,
1.5999999999999999,1.8100000000000003,2.5,
1.7999999999999998,1.8100000000000003,2.3,
1.9999999999999998,1.8100000000000003,2.0999999999999996,
2.1999999999999997,1.8100000000000003,1.8999999999999997,
2.4,1.6100000000000003,1.6999999999999997,
规划路径
2.5,1.51,1.6000000000000005,
2.3,1.71,1.8000000000000005,
2.3,1.91,1.8000000000000005,
2.3,2.11,1.8000000000000005,
2.0999999999999996,2.31,1.8000000000000005,
规划路径
1.9000000000000004,2.51,1.8000000000000007,
2.1000000000000005,2.51,1.6000000000000008,
2.3000000000000007,2.51,1.4000000000000008,
2.3000000000000007,2.51,1.2000000000000008,
2.500000000000001,2.51,1.0000000000000009,
规划路径
2.5,2.51,0.7000000000000002,
2.5,2.71,0.7000000000000002,
2.3,2.91,0.5000000000000002,
2.0999999999999996,3.1100000000000003,0.5000000000000002,
1.8999999999999997,3.3100000000000005,0.3000000000000002,
1.6999999999999997,3.5100000000000007,0.3000000000000002,
1.4999999999999998,3.710000000000001,0.3000000000000002,
规划路径
1.2000000000000002,3.91,0.20000000000000018,
1.0000000000000002,3.91,0.20000000000000018,
0.8000000000000003,3.91,0.20000000000000018,
0.6000000000000003,4.11,0.20000000000000018,
0.4000000000000003,4.11,0.20000000000000018,
0.2000000000000003,4.11,0.20000000000000018,
2.7755575615628914e-16,4.11,0.4000000000000002,
规划路径
-0.39999999999999947,4.11,0.40000000000000036,
-0.39999999999999947,4.11,0.20000000000000034,
规划路径
-0.5,4.11,-0.09999999999999964,
-0.7,3.91,-0.29999999999999966,
-0.8999999999999999,3.91,-0.49999999999999967,
-1.0999999999999999,3.71,-0.6999999999999997,
-1.2999999999999998,3.71,-0.8999999999999997,
-1.4999999999999998,3.51,-1.0999999999999996,
-1.6999999999999997,3.3099999999999996,-1.2999999999999996,
-1.8999999999999997,3.1099999999999994,-1.4999999999999996,
-1.8999999999999997,2.9099999999999993,-1.4999999999999996,
-2.0999999999999996,2.709999999999999,-1.6999999999999995,
规划路径
-2.0999999999999996,2.41,-1.6999999999999997,
-2.0999999999999996,2.21,-1.8999999999999997,
-1.8999999999999997,2.01,-2.0999999999999996,
-1.8999999999999997,1.8099999999999998,-2.3,
-1.6999999999999997,1.6099999999999999,-2.5,
-1.4999999999999998,1.41,-2.7,
-1.2999999999999998,1.21,-2.9000000000000004,
-1.2999999999999998,1.01,-3.1000000000000005,
-1.2999999999999998,0.81,-3.3000000000000007,
规划路径
-1.1999999999999997,0.51,-3.5,
-0.9999999999999998,0.51,-3.5,
-0.7999999999999998,0.51,-3.5,
-0.5999999999999999,0.51,-3.3,
