规划路径
0.0,1.0,-3.0,
-0.2,1.2,-3.0,
-0.4,1.4,-3.0,
-0.6000000000000001,1.5999999999999999,-3.0,
-0.8,1.7999999999999998,-2.8,
-1.0,1.9999999999999998,-2.8,
-1.2,2.1999999999999997,-2.5999999999999996,
-1.4,2.1999999999999997,-2.3999999999999995,
-1.5999999999999999,2.4,-2.1999999999999993,
-1.7999999999999998,2.4,-1.9999999999999993,
-1.9999999999999998,2.4,-1.7999999999999994,
规划路径
-2.3,2.41,-1.7999999999999998,
-2.3,2.21,-1.7999999999999998,
-2.5,2.01,-1.7999999999999998,
-2.5,1.8099999999999998,-1.7999999999999998,
-2.7,1.6099999999999999,-1.5999999999999999,
-2.7,1.41,-1.5999999999999999,
-2.7,1.21,-1.5999999999999999,
-2.7,1.01,-1.5999999999999999,
-2.9000000000000004,0.81,-1.4,
规划路径
-2.9,0.51,-1.4,
规划路径
-2.8,0.51,-1.0,
规划路径
-2.5999999999999996,0.31000000000000005,-1.4,
-2.8,0.51,-1.2,
-3.0,0.71,-1.0,
-3.0,0.9099999999999999,-0.8,
-3.0,1.1099999999999999,-0.6000000000000001,
-3.0,1.3099999999999998,-0.4000000000000001,
-3.0,1.3099999999999998,-0.20000000000000007,
-3.2,1.3099999999999998,-5.551115123125783e-17,
规划路径
-3.2,1.4100000000000001,0.3000000000000007,
-3.0,1.61,0.5000000000000007,
-3.0,1.81,0.7000000000000006,
-2.8,2.0100000000000002,0.9000000000000006,
-2.5999999999999996,2.2100000000000004,1.1000000000000005,
-2.3999999999999995,2.4100000000000006,1.3000000000000005,
-2.1999999999999993,2.4100000000000006,1.5000000000000004,
-1.9999999999999993,2.6100000000000008,1.7000000000000004,
-1.7999999999999994,2.6100000000000008,1.9000000000000004,
-1.5999999999999994,2.810000000000001,2.1000000000000005,
规划路径
-1.2999999999999998,2.81,2.1000000000000005,
-1.0999999999999999,2.61,2.3000000000000007,
-0.8999999999999999,2.4099999999999997,2.500000000000001,
-0.7,2.2099999999999995,2.700000000000001,
-0.49999999999999994,2.0099999999999993,2.9000000000000012,
-0.29999999999999993,2.0099999999999993,2.9000000000000012,
-0.09999999999999992,1.8099999999999994,3.1000000000000014,
0.10000000000000009,1.8099999999999994,3.1000000000000014,
0.3000000000000001,1.8099999999999994,3.1000000000000014,
0.5000000000000001,1.8099999999999994,3.3000000000000016,
规划路径
0.8000000000000007,1.7100000000000002,3.3000000000000007,
0.6000000000000008,1.5100000000000002,3.1000000000000005,
0.40000000000000074,1.5100000000000002,3.1000000000000005,
0.20000000000000073,1.5100000000000002,3.1000000000000005,
7.216449660063518e-16,1.5100000000000002,3.1000000000000005,
-0.1999999999999993,1.5100000000000002,3.1000000000000005,
-0.3999999999999993,1.3100000000000003,3.1000000000000005,
-0.5999999999999993,1.3100000000000003,3.1000000000000005,
-0.7999999999999994,1.3100000000000003,2.9000000000000004,
-0.9999999999999993,1.3100000000000003,2.9000000000000004,
-1.1999999999999993,1.1100000000000003,2.9000000000000004,
规划路径
-1.5,1.11,2.6000000000000005,
-1.3,1.31,2.8000000000000007,
-1.1,1.51,2.8000000000000007,
-0.9000000000000001,1.71,2.8000000000000007,
-0.7000000000000002,1.91,2.8000000000000007,
-0.5000000000000002,2.11,2.8000000000000007,
-0.3000000000000002,2.11,2.8000000000000007,
-0.1000000000000002,2.31,2.8000000000000007,
0.09999999999999981,2.31,2.8000000000000007,
0.2999999999999998,2.31,2.8000000000000007,
规划路径
0.6000000000000005,2.41,2.6000000000000005,
0.8000000000000005,2.21,2.8000000000000007,
1.0000000000000004,2.01,2.8000000000000007,
1.2000000000000004,1.8099999999999998,2.8000000000000007,
1.4000000000000004,1.6099999999999999,2.6000000000000005,
1.6000000000000003,1.41,2.6000000000000005,
1.8000000000000003,1.21,2.4000000000000004,
1.8000000000000003,1.01,2.4000000000000004,
1.8000000000000003,0.81,2.4000000000000004,
规划路径
2.0,0.51,2.3000000000000007,
2.2,0.51,2.1000000000000005,
2.4000000000000004,0.51,1.9000000000000006,
2.6000000000000005,0.51,1.7000000000000006,
2.6000000000000005,0.51,1.5000000000000007,
2.8000000000000007,0.51,1.3000000000000007,
2.8000000000000007,0.51,1.1000000000000008,
3.000000000000001,0.31,0.9000000000000008,
规划路径
3.0,0.31000000000000005,0.5,
3.0,0.31000000000000005,0.3,
3.0,0.31000000000000005,0.09999999999999998,
3.0,0.31000000000000005,-0.10000000000000003,
规划路径
3.0,0.41000000000000003,-0.5,
3.0,0.41000000000000003,-0.7,
3.0,0.41000000000000003,-0.8999999999999999,
2.8,0.41000000000000003,-1.0999999999999999,
2.8,0.41000000000000003,-1.2999999999999998,
2.5999999999999996,0.41000000000000003,-1.4999999999999998,
2.5999999999999996,0.41000000000000003,-1.6999999999999997,
2.3999999999999995,0.6100000000000001,-1.8999999999999997,
2.1999999999999993,0.6100000000000001,-2.0999999999999996,
1.9999999999999993,0.6100000000000001,-2.3,
1.7999999999999994,0.81,-2.5,
1.5999999999999994,0.81,-2.7,
规划路径
1.4000000000000004,0.81,-2.9,
1.4000000000000004,1.01,-2.6999999999999997,
1.4000000000000004,1.21,-2.6999999999999997,
1.4000000000000004,1.41,-2.6999999999999997,
1.4000000000000004,1.6099999999999999,-2.6999999999999997,
1.2000000000000004,1.8099999999999998,-2.6999999999999997,
1.2000000000000004,2.01,-2.6999999999999997,
1.2000000000000004,2.21,-2.4999999999999996,
1.2000000000000004,2.41,-2.4999999999999996,
1.2000000000000004,2.6100000000000003,-2.2999999999999994,
1.2000000000000004,2.8100000000000005,-2.099999999999999,
1.2000000000000004,3.0100000000000007,-1.8999999999999992,
规划路径
0.9000000000000004,3.31,-1.6999999999999997,
0.7000000000000004,3.31,-1.8999999999999997,
0.5000000000000004,3.31,-1.8999999999999997,
0.30000000000000043,3.31,-1.8999999999999997,
0.10000000000000042,3.31,-2.0999999999999996,
-0.09999999999999959,3.31,-2.0999999999999996,
-0.2999999999999996,3.31,-2.0999999999999996,
-0.4999999999999996,3.31,-2.0999999999999996,
-0.6999999999999996,3.31,-2.0999999999999996,
-0.8999999999999997,3.31,-1.8999999999999997,
-1.0999999999999996,3.31,-1.8999999999999997,
-1.2999999999999996,3.31,-1.8999999999999997,
规划路径
-1.5999999999999996,3.21,-1.7999999999999998,
-1.7999999999999996,3.21,-1.5999999999999999,
-1.7999999999999996,3.21,-1.4,
规划路径
-1.9,3.31,-1.0999999999999996,
-1.7,3.5100000000000002,-1.0999999999999996,
-1.5,3.5100000000000002,-1.0999999999999996,
规划路径
-1.0999999999999996,3.71,-1.0999999999999996,
-1.0999999999999996,3.71,-0.8999999999999997,
-1.0999999999999996,3.71,-0.6999999999999997,
-1.2999999999999996,3.71,-0.4999999999999997,
-1.2999999999999996,3.71,-0.2999999999999997,
-1.2999999999999996,3.71,-0.0999999999999997,
-1.2999999999999996,3.71,0.10000000000000031,
-1.2999999999999996,3.71,0.3000000000000003,
-1.2999999999999996,3.71,0.5000000000000003,
-1.2999999999999996,3.71,0.7000000000000004,
-1.0999999999999996,3.71,0.9000000000000004,
-1.2999999999999996,3.51,1.1000000000000003,
-1.0999999999999996,3.51,1.3000000000000003,
规划路径
-0.8999999999999995,3.61,1.7000000000000002,
