规划路径
0.0,1.0,-3.0,
-0.2,1.2,-3.0,
-0.4,1.4,-3.0,
-0.6000000000000001,1.5999999999999999,-3.0,
-0.8,1.7999999999999998,-3.0,
-1.0,1.9999999999999998,-3.0,
-1.2,2.1999999999999997,-3.0,
-1.4,2.4,-3.0,
-1.5999999999999999,2.6,-3.0,
规划路径
-1.9,2.81,-3.0999999999999996,
-2.1,2.61,-2.8999999999999995,
-2.1,2.4099999999999997,-2.6999999999999993,
-2.3000000000000003,2.2099999999999995,-2.499999999999999,
-2.3000000000000003,2.0099999999999993,-2.299999999999999,
-2.3000000000000003,1.8099999999999994,-2.0999999999999988,
-2.5000000000000004,1.6099999999999994,-1.8999999999999988,
-2.5000000000000004,1.4099999999999995,-1.8999999999999988,
-2.5000000000000004,1.2099999999999995,-1.6999999999999988,
规划路径
-2.5999999999999996,0.81,-1.6999999999999997,
-2.5999999999999996,1.01,-1.4999999999999998,
-2.5999999999999996,1.21,-1.4999999999999998,
规划路径
-2.6999999999999997,1.61,-1.4,
-2.9,1.4100000000000001,-1.2,
-2.9,1.4100000000000001,-1.0,
规划路径
-3.0999999999999996,1.2100000000000002,-0.5999999999999996,
-3.0999999999999996,1.2100000000000002,-0.39999999999999963,
规划路径
-3.0,1.01,0.0,
-3.0,1.21,0.2,
-3.0,1.41,0.4,
-3.0,1.6099999999999999,0.6000000000000001,
-2.8,1.8099999999999998,0.8,
-2.8,2.01,0.8,
-2.5999999999999996,2.21,1.0,
-2.3999999999999995,2.41,1.2,
-2.3999999999999995,2.6100000000000003,1.2,
-2.1999999999999993,2.8100000000000005,1.2,
-1.9999999999999993,3.0100000000000007,1.2,
规划路径
-1.7999999999999998,3.21,1.1000000000000005,
-1.5999999999999999,3.21,1.3000000000000005,
-1.4,3.21,1.5000000000000004,
-1.2,3.21,1.7000000000000004,
-1.0,3.21,1.9000000000000004,
-0.8,3.21,2.1000000000000005,
-0.6000000000000001,3.21,2.3000000000000007,
-0.4000000000000001,3.21,2.500000000000001,
-0.20000000000000007,3.21,2.500000000000001,
规划路径
0.20000000000000018,3.01,2.6000000000000005,
0.20000000000000018,2.8099999999999996,2.6000000000000005,
0.20000000000000018,2.6099999999999994,2.6000000000000005,
0.4000000000000002,2.4099999999999993,2.8000000000000007,
0.4000000000000002,2.209999999999999,2.8000000000000007,
0.4000000000000002,2.009999999999999,2.8000000000000007,
0.6000000000000002,1.809999999999999,3.000000000000001,
0.6000000000000002,1.609999999999999,3.000000000000001,
0.6000000000000002,1.409999999999999,3.000000000000001,
0.8000000000000003,1.209999999999999,3.000000000000001,
0.8000000000000003,1.0099999999999991,3.000000000000001,
规划路径
0.9000000000000004,0.6100000000000001,2.9000000000000004,
1.1000000000000003,0.6100000000000001,2.9000000000000004,
1.3000000000000003,0.6100000000000001,2.7,
1.5000000000000002,0.6100000000000001,2.7,
规划路径
1.9000000000000004,0.6100000000000001,2.6000000000000005,
2.1000000000000005,0.6100000000000001,2.4000000000000004,
2.3000000000000007,0.6100000000000001,2.2,
2.500000000000001,0.6100000000000001,2.0,
2.700000000000001,0.6100000000000001,1.8,
2.9000000000000012,0.6100000000000001,1.6,
3.1000000000000014,0.6100000000000001,1.4000000000000001,
3.3000000000000016,0.81,1.2000000000000002,
规划路径
3.4000000000000004,0.81,0.8000000000000007,
3.2,0.81,0.6000000000000008,
规划路径
3.0999999999999996,0.7100000000000001,0.40000000000000036,
规划路径
3.0999999999999996,0.6100000000000001,0.40000000000000036,
3.0999999999999996,0.81,0.20000000000000034,
规划路径
3.0,1.01,0.10000000000000053,
3.0,0.81,0.30000000000000054,
3.0,0.6100000000000001,0.5000000000000006,
规划路径
3.0999999999999996,0.51,0.8000000000000007,
2.8999999999999995,0.51,1.0000000000000007,
2.8999999999999995,0.51,1.2000000000000006,
2.6999999999999993,0.51,1.4000000000000006,
2.499999999999999,0.51,1.6000000000000005,
2.499999999999999,0.51,1.8000000000000005,
2.299999999999999,0.51,2.0000000000000004,
2.0999999999999988,0.51,2.2000000000000006,
1.8999999999999988,0.51,2.400000000000001,
1.6999999999999988,0.51,2.600000000000001,
1.6999999999999988,0.51,2.800000000000001,
1.499999999999999,0.51,3.0000000000000013,
规划路径
1.5,0.51,3.3000000000000007,
1.7,0.71,3.1000000000000005,
1.7,0.9099999999999999,2.9000000000000004,
1.7,1.1099999999999999,2.7,
1.9,1.3099999999999998,2.5,
1.9,1.5099999999999998,2.3,
2.1,1.7099999999999997,2.0999999999999996,
2.1,1.9099999999999997,2.0999999999999996,
2.1,2.11,1.8999999999999997,
规划路径
2.1000000000000005,2.31,1.7000000000000002,
2.3000000000000007,2.31,1.5000000000000002,
2.500000000000001,2.31,1.3000000000000003,
2.500000000000001,2.31,1.1000000000000003,
2.700000000000001,2.31,0.9000000000000004,
2.700000000000001,2.31,0.7000000000000004,
2.700000000000001,2.31,0.5000000000000004,
规划路径
2.8000000000000007,2.51,0.10000000000000053,
2.8000000000000007,2.3099999999999996,-0.09999999999999948,
2.8000000000000007,2.1099999999999994,-0.2999999999999995,
2.8000000000000007,2.1099999999999994,-0.4999999999999995,
2.8000000000000007,1.9099999999999995,-0.6999999999999995,
规划路径
2.8000000000000007,1.7100000000000002,-0.8999999999999995,
2.8000000000000007,1.9100000000000001,-1.0999999999999994,
2.6000000000000005,2.1100000000000003,-1.2999999999999994,
2.4000000000000004,2.3100000000000005,-1.4999999999999993,
2.2,2.5100000000000007,-1.4999999999999993,
2.0,2.710000000000001,-1.4999999999999993,
1.8,2.910000000000001,-1.6999999999999993,
1.6,2.910000000000001,-1.6999999999999993,
1.4000000000000001,3.110000000000001,-1.6999999999999993,
1.2000000000000002,3.110000000000001,-1.8999999999999992,
1.0000000000000002,3.110000000000001,-1.8999999999999992,
规划路径
0.6000000000000005,3.31,-1.9,
0.8000000000000005,3.31,-1.9,
1.0000000000000004,3.31,-1.7,
1.2000000000000004,3.31,-1.5,
1.4000000000000004,3.31,-1.5,
1.6000000000000003,3.11,-1.5,
1.8000000000000003,2.9099999999999997,-1.5,
2.0000000000000004,2.9099999999999997,-1.3,
规划路径
2.3000000000000007,2.61,-1.0999999999999996,
2.3000000000000007,2.81,-0.8999999999999997,
2.3000000000000007,2.81,-0.6999999999999997,
2.3000000000000007,3.0100000000000002,-0.4999999999999997,
2.3000000000000007,3.0100000000000002,-0.2999999999999997,
2.3000000000000007,3.0100000000000002,-0.0999999999999997,
2.3000000000000007,3.0100000000000002,0.10000000000000031,
2.3000000000000007,3.0100000000000002,0.3000000000000003,
2.3000000000000007,3.0100000000000002,0.5000000000000003,
2.3000000000000007,2.81,0.7000000000000004,
2.3000000000000007,2.81,0.9000000000000004,
