规划路径
0.0,1.0,-3.0,
0.2756589232099857,0.8952496091802055,-3.055131784641997,
0.5474700807212167,0.8026480124823177,-2.9682776601492216,
0.6000000000000005,0.81,-3.0999999999999996,
规划路径
0.6000000000000005,0.81,-3.0999999999999996,
0.36781281023900414,0.9999713370771788,-3.0999999999999996,
0.1356256204780078,1.1899426741543575,-3.0999999999999996,
-0.14478823735418056,1.2936651449466852,-3.1246924561031086,
-0.33930688925031355,1.521655609392798,-3.111170541070215,
-0.5,1.7100000000000002,-3.0999999999999996,
规划路径
-0.5,1.7100000000000002,-3.0999999999999996,
-0.22644205670556117,1.7520858374299138,-2.984263947067737,
-0.07017473881358663,2.0044895632782826,-2.9409871110384005,
0.20479178401275247,2.0178579973441586,-2.8217617098211316,
0.47095245507713834,2.105649993497438,-2.7147520719842606,
0.718967532710918,2.2523376735604916,-2.6312580854700833,
0.9906242981996195,2.2243390617084966,-2.5070861099740887,
1.262281063688321,2.1963404498565016,-2.382914134478094,
1.5339378291770225,2.168341838004507,-2.2587421589820993,
1.805594594665724,2.140343226152512,-2.1345701834861046,
2.0772513601544254,2.1123446143005173,-2.0103982079901095,
2.1000000000000005,2.11,-2.0,
规划路径
2.1000000000000005,2.11,-2.0,
2.1000000000000005,1.8603849116986468,-2.1664100588675685,
2.312939724306673,1.9780189893465487,-1.9908569398746956,
2.494954366879147,1.8595344643886542,-1.7838977959966913,
2.5608146712209536,1.7226702788402732,-1.5251882773736167,
2.6266749755627603,1.5858060932918923,-1.2664787587505422,
2.692535279904567,1.4489419077435115,-1.0077692401274676,
2.7583955842463737,1.3120777221951307,-0.749059721504393,
2.8242558885881808,1.1752135366467498,-0.49035020288131853,
2.8901161929299874,1.0383493510983688,-0.23164068425824402,
2.955976497271794,0.9014851655499879,0.027068834364830485,
3.0,0.81,0.20000000000000018,
规划路径
3.0,0.81,0.20000000000000018,
2.9226979317476074,0.9977335943272392,-0.020863052149692918,
2.9145569928928916,0.822800943504223,-0.2644452616613821,
2.906416054038176,0.6478682926812067,-0.5080274711730712,
2.9000000000000004,0.51,-0.7000000000000002,
规划路径
2.9000000000000004,0.51,-0.7000000000000002,
2.8072827350054474,0.7749064714130087,-0.8059625885652036,
2.8204759473772163,0.7799001085263352,-0.5062944342082654,
2.9888825582320124,0.7904710500306283,-0.2582471229627812,
2.959322316522615,0.6306777153676066,-0.006072020489611696,
3.1454283439533075,0.5783578913217119,0.22333413148930292,
3.3000000000000007,0.81,0.20000000000000018,
规划路径
3.3000000000000007,0.81,0.20000000000000018,
3.2494708847360094,0.7089417694720178,0.4779101339519514,
3.198941769472018,0.6078835389440356,0.7558202679039026,
3.148412654208027,0.5068253084160534,1.0337304018558537,
3.0999999999999996,0.41000000000000003,1.3000000000000007,
规划路径
3.0999999999999996,0.41000000000000003,1.3000000000000007,
2.9342965687783016,0.4376172385369497,1.548555146832548,
2.7685931375566035,0.4652344770738994,1.7971102936650953,
2.587570460985124,0.5575192855740108,2.0178234665546975,
2.406547784413645,0.6498040940741221,2.2385366394442996,
2.3083752123043446,0.6614704898161025,2.521778658388939,
2.1075490358109996,0.7765209512907154,2.7126509668821894,
1.9067228593176548,0.8915714127653284,2.9035232753754396,
1.70589668282431,1.0066218742399413,3.09439558386869,
1.7000000000000002,1.01,3.0999999999999996,
规划路径
1.7000000000000002,1.01,3.0999999999999996,
1.4179334695832746,1.1115439509500211,3.0887173387833307,
1.135866939166549,1.2130879019000425,3.0774346775666617,
0.9127790885811838,1.4110928444153186,3.0454057272135207,
0.6359791091412066,1.5240423120880862,3.0703895046394134,
0.34658545474826086,1.6018245757957246,3.0562038693130806,
0.05719180035531507,1.6796068395033628,3.0420182339867483,
-0.23220185403763066,1.7573891032110012,3.0278325986604155,
-0.5215955084305763,1.8351713669186394,3.013646963334083,
-0.7999999999999998,1.9100000000000001,3.0,
规划路径
-0.7999999999999998,1.9100000000000001,3.0,
-1.0540429395319821,2.0687768372074893,2.984122316279251,
-1.1547333091472127,2.2310804197978804,2.752780585186324,
-1.0227902222656944,2.4661260443780293,2.6210817765740066,
-1.1176452527493923,2.682372495534505,2.4360412524876143,
-1.2653954337312288,2.7908665732008773,2.198556686397189,
-1.4131456147130654,2.8993606508672496,1.9610721203067631,
-1.5608957956949019,3.007854728533622,1.7235875542163375,
-1.6999999999999997,3.11,1.5,
规划路径
-1.6999999999999997,3.11,1.5,
-1.783925432741628,3.2498757212360467,1.7517762982248848,
-1.7996720242829838,3.1088069356886625,2.0160709114863278,
-1.7774426347890964,2.8194830216336566,2.0922124047644393,
-1.8108595258946378,2.653299392199721,2.339732732610466,
-1.8238302144201588,2.355982149425321,2.3776038084890616,
-1.8368009029456798,2.058664906650921,2.4154748843676574,
-1.849771591471201,1.7613476638765206,2.453345960246253,
-1.862742279996722,1.4640304211021204,2.4912170361248487,
-1.8757129685222431,1.1667131783277203,2.529088112003444,
-1.888683657047764,0.8693959355533201,2.56695918788204,
-1.9,0.6100000000000001,2.6000000000000005,
规划路径
-1.9,0.6100000000000001,2.6000000000000005,
-2.090843927548859,0.5579516561230384,2.374457176533167,
-2.317394712447458,0.5696362641632569,2.1781456593041075,
-2.444955622414536,0.6497737266185053,1.9187112719156878,
-2.6651561993430914,0.6158207965962219,1.7178160144723293,
-2.8280662126804956,0.46703121185669594,1.5145379117965954,
-2.9909762260179,0.31824162711716997,1.3112598091208614,
-3.0,0.31000000000000005,1.3000000000000007,
规划路径
-3.0,0.31000000000000005,1.3000000000000007,
-3.042426406871193,0.31000000000000005,1.0030151519016508,
-3.2942321589608325,0.31000000000000005,0.8399389022066965,
-3.26430612454736,0.31000000000000005,0.5414352465100138,
-3.287053005031143,0.4273436626047694,0.26627521257566045,
-3.220826408712648,0.33807309266775676,-0.012372958570658121,
-3.2,0.31000000000000005,-0.09999999999999964,
规划路径
-3.2,0.31000000000000005,-0.09999999999999964,
-3.2627059712862456,0.6026278660024794,-0.12090199042874819,
-3.434519894938419,0.7286279621290458,0.09029448543044116,
-3.3828541606198343,0.7103061795778387,0.3852435728700665,
-3.4119613843694423,0.8040963468008456,0.6687152188205401,
-3.3441954906985827,0.7619337168785739,0.9579039051362868,
-3.276429597027723,0.7197710869563022,1.2470925914520334,
-3.2086637033568635,0.6776084570340304,1.5362812777677801,
-3.140897809686004,0.6354458271117587,1.8254699640835268,
-3.0999999999999996,0.6100000000000001,2.0,
规划路径
-3.2,0.31000000000000005,-0.09999999999999964,
-3.2307076037270726,0.4635380186353616,-0.3558966977256023,
-3.186395709536775,0.47246194818445875,-0.6524718475859212,
-3.0594874015821953,0.6639618495879562,-0.845402065889214,
-3.042768629700849,0.6206912919029887,-1.1417939374113786,
-3.0260498578195025,0.5774207342180211,-1.4381858089335433,
-3.009331085938156,0.5341501765330536,-1.734577680455708,
-3.0,0.51,-1.9,
规划路径
-3.0999999999999996,0.6100000000000001,2.0,
-2.988702665017559,0.888243337456101,2.0139121668728053,
-2.777274609724526,0.7953676037556031,2.205412233516659,
-2.5658465544314932,0.7024918700551053,2.3969123001605124,
-2.3544184991384602,0.6096161363546074,2.588412366804366,
-2.1429904438454273,0.5167404026541096,2.7799124334482195,
-1.9642803217903326,0.5577105541927851,3.017365879323303,
-1.9,0.41000000000000003,3.0,
规划路径
-3.0,0.51,-1.9,
-2.742857142857143,0.5957142857142858,-2.0285714285714285,
-2.480758275905579,0.7238515095572725,-2.098464459758512,
-2.2227849213129263,0.7593283291599757,-2.2474313808889788,
-1.9648115667202735,0.7948051487626789,-2.3963983020194455,
-1.7068382121276207,0.8302819683653822,-2.545365223149912,
-1.4488648575349679,0.8657587879680855,-2.6943321442803785,
-1.190891502942315,0.9012356075707887,-2.8432990654108448,
-0.9329181483496622,0.9367124271734919,-2.9922659865413115,
-0.6749447937570093,0.9721892467761952,-3.1412329076717778,
-0.41697143916435647,1.0076660663788986,-3.2901998288022445,
-0.39999999999999947,1.01,-3.3,
规划路径
-1.9,0.41000000000000003,3.0,
-1.9801783725737272,0.6505351177211821,2.8396432548525454,
-2.109005900109455,0.8989662202920501,2.7315439698204322,
-2.0999999999999996,1.01,2.6000000000000005,
规划路径
-2.0999999999999996,1.01,2.6000000000000005,
-2.3584921310565985,0.8622902108248007,2.5630725527062004,
-2.594582385284302,0.7086963478254584,2.666369779714661,
-2.8,0.6100000000000001,2.5,
规划路径
-2.0999999999999996,1.01,2.6000000000000005,
-2.33590009529848,0.8789443915008444,2.4689443915008447,
-2.620084373525993,0.8034006974774289,2.4095100049758384,
-2.819636144259288,0.6492911409440638,2.2469389885482602,
-3.0,0.51,2.1000000000000005,
