规划路径
0.0,1.0,-3.0,
-0.2,1.2,-3.2,
-0.4,1.4,-3.4000000000000004,
-0.4,1.5999999999999999,-3.6000000000000005,
-0.4,1.5999999999999999,-3.8000000000000007,
-0.4,1.5999999999999999,-4.000000000000001,
-0.6000000000000001,1.5999999999999999,-4.200000000000001,
规划路径
-0.5999999999999996,1.7100000000000002,-4.5,
-0.7999999999999996,1.5100000000000002,-4.3,
-0.7999999999999996,1.5100000000000002,-4.1,
-0.7999999999999996,1.5100000000000002,-3.8999999999999995,
-0.9999999999999996,1.5100000000000002,-3.6999999999999993,
-0.9999999999999996,1.5100000000000002,-3.499999999999999,
-0.9999999999999996,1.5100000000000002,-3.299999999999999,
-0.9999999999999996,1.3100000000000003,-3.0999999999999988,
规划路径
-1.0999999999999996,1.31,-2.8,
-1.2999999999999996,1.31,-2.8,
-1.4999999999999996,1.31,-2.5999999999999996,
-1.6999999999999995,1.31,-2.5999999999999996,
-1.8999999999999995,1.31,-2.3999999999999995,
-2.0999999999999996,1.31,-2.1999999999999993,
-2.3,1.31,-1.9999999999999993,
-2.5,1.31,-1.9999999999999993,
-2.7,1.31,-1.7999999999999994,
规划路径
-3.0,1.2100000000000002,-1.7999999999999998,
-3.2,1.0100000000000002,-1.5999999999999999,
-3.2,0.8100000000000003,-1.4,
-3.2,0.6100000000000003,-1.2,
-3.4000000000000004,0.4100000000000003,-1.0,
-3.4000000000000004,0.4100000000000003,-0.8,
规划路径
-3.4,0.31000000000000005,-0.5,
-3.4,0.51,-0.3,
-3.4,0.71,-0.09999999999999998,
-3.4,0.9099999999999999,0.10000000000000003,
-3.4,1.1099999999999999,0.30000000000000004,
-3.4,1.3099999999999998,0.5,
-3.4,1.5099999999999998,0.7,
-3.1999999999999997,1.7099999999999997,0.8999999999999999,
-3.1999999999999997,1.9099999999999997,0.8999999999999999,
规划路径
-3.2,2.21,1.0,
-3.0,2.41,1.0,
-2.8,2.6100000000000003,1.2,
-2.5999999999999996,2.8100000000000005,1.2,
-2.3999999999999995,3.0100000000000007,1.2,
-2.1999999999999993,3.210000000000001,1.2,
-1.9999999999999993,3.410000000000001,1.4,
-1.7999999999999994,3.410000000000001,1.4,
-1.5999999999999994,3.410000000000001,1.4,
-1.3999999999999995,3.410000000000001,1.4,
-1.1999999999999995,3.610000000000001,1.4,
规划路径
-0.7999999999999998,3.61,1.5,
-0.5999999999999999,3.61,1.5,
-0.39999999999999986,3.61,1.5,
-0.19999999999999984,3.61,1.5,
1.6653345369377348e-16,3.61,1.5,
0.20000000000000018,3.61,1.5,
0.4000000000000002,3.61,1.5,
0.6000000000000002,3.61,1.5,
0.8000000000000003,3.61,1.5,
1.0000000000000002,3.61,1.3,
1.2000000000000002,3.61,1.3,
1.4000000000000001,3.61,1.3,
1.6,3.61,1.3,
规划路径
1.9000000000000004,3.71,1.2000000000000002,
2.1000000000000005,3.51,1.0000000000000002,
2.3000000000000007,3.3099999999999996,0.8000000000000003,
2.500000000000001,3.3099999999999996,0.6000000000000003,
2.500000000000001,3.3099999999999996,0.4000000000000003,
2.500000000000001,3.3099999999999996,0.2000000000000003,
2.700000000000001,3.3099999999999996,2.7755575615628914e-16,
2.700000000000001,3.3099999999999996,-0.19999999999999973,
2.700000000000001,3.1099999999999994,-0.39999999999999974,
规划路径
2.8000000000000007,3.11,-0.7999999999999998,
2.8000000000000007,2.9099999999999997,-0.9999999999999998,
2.8000000000000007,2.7099999999999995,-1.1999999999999997,
2.8000000000000007,2.5099999999999993,-1.1999999999999997,
2.8000000000000007,2.309999999999999,-1.1999999999999997,
3.000000000000001,2.109999999999999,-1.3999999999999997,
3.000000000000001,1.909999999999999,-1.3999999999999997,
3.000000000000001,1.709999999999999,-1.3999999999999997,
3.000000000000001,1.5099999999999991,-1.3999999999999997,
规划路径
3.0999999999999996,1.2100000000000002,-1.5,
3.3,1.2100000000000002,-1.3,
3.3,1.2100000000000002,-1.1,
3.5,1.2100000000000002,-0.9000000000000001,
3.5,1.2100000000000002,-0.7000000000000002,
3.5,1.2100000000000002,-0.5000000000000002,
3.5,1.2100000000000002,-0.3000000000000002,
3.5,1.2100000000000002,-0.1000000000000002,
3.7,1.0100000000000002,0.09999999999999981,
3.7,1.0100000000000002,0.2999999999999998,
3.7,1.0100000000000002,0.49999999999999983,
3.7,1.0100000000000002,0.6999999999999998,
3.9000000000000004,1.0100000000000002,0.8999999999999999,
规划路径
3.9000000000000004,0.91,1.3000000000000007,
3.7,0.91,1.5000000000000007,
3.5,0.91,1.7000000000000006,
3.3,0.91,1.9000000000000006,
3.0999999999999996,0.91,2.1000000000000005,
2.8999999999999995,0.91,2.3000000000000007,
2.6999999999999993,0.91,2.500000000000001,
2.499999999999999,0.91,2.700000000000001,
2.299999999999999,0.91,2.700000000000001,
2.0999999999999988,0.91,2.700000000000001,
1.8999999999999988,0.71,2.700000000000001,
规划路径
1.6000000000000005,0.7100000000000001,2.8000000000000007,
1.4000000000000006,0.7100000000000001,2.8000000000000007,
1.2000000000000006,0.7100000000000001,2.8000000000000007,
1.0000000000000007,0.7100000000000001,3.000000000000001,
0.8000000000000007,0.7100000000000001,3.000000000000001,
0.6000000000000008,0.7100000000000001,3.000000000000001,
0.40000000000000074,0.7100000000000001,3.000000000000001,
0.20000000000000073,0.7100000000000001,3.000000000000001,
7.216449660063518e-16,0.9100000000000001,3.000000000000001,
-0.1999999999999993,0.9100000000000001,3.000000000000001,
-0.3999999999999993,0.9100000000000001,3.000000000000001,
-0.5999999999999993,0.9100000000000001,3.000000000000001,
-0.7999999999999994,0.9100000000000001,3.000000000000001,
-0.9999999999999993,1.11,3.000000000000001,
规划路径
-1.2999999999999998,1.11,2.9000000000000004,
规划路径
-1.1999999999999997,0.7100000000000001,2.9000000000000004,
-1.3999999999999997,0.7100000000000001,2.7,
-1.5999999999999996,0.51,2.5,
-1.7999999999999996,0.31,2.3,
-1.9999999999999996,0.31,2.3,
-2.1999999999999997,0.31,2.0999999999999996,
-2.4,0.31,1.8999999999999997,
-2.6,0.51,1.6999999999999997,
规划路径
-2.9,0.51,1.3000000000000007,
规划路径
-2.9,0.31000000000000005,1.2000000000000002,
-2.9,0.31000000000000005,1.0000000000000002,
-2.9,0.31000000000000005,0.8000000000000003,
-2.9,0.31000000000000005,0.6000000000000003,
-2.9,0.31000000000000005,0.4000000000000003,
-3.1,0.51,0.2000000000000003,
-3.1,0.51,2.7755575615628914e-16,
-3.1,0.51,-0.19999999999999973,
-3.1,0.51,-0.39999999999999974,
-3.1,0.51,-0.5999999999999998,
规划路径
-3.0999999999999996,0.6100000000000001,-0.8999999999999995,
规划路径
-2.8,0.7100000000000001,-1.0999999999999996,
-2.8,0.7100000000000001,-1.2999999999999996,
-2.5999999999999996,0.7100000000000001,-1.4999999999999996,
-2.5999999999999996,0.7100000000000001,-1.6999999999999995,
-2.3999999999999995,0.7100000000000001,-1.8999999999999995,
-2.1999999999999993,0.7100000000000001,-2.0999999999999996,
-1.9999999999999993,0.7100000000000001,-2.3,
-1.7999999999999994,0.7100000000000001,-2.5,
-1.5999999999999994,0.7100000000000001,-2.7,
-1.3999999999999995,0.7100000000000001,-2.9000000000000004,
-1.1999999999999995,0.7100000000000001,-2.9000000000000004,
-0.9999999999999996,0.7100000000000001,-2.9000000000000004,
规划路径
-0.5999999999999996,0.6100000000000001,-3.0,
-0.5999999999999996,0.81,-3.0,
-0.5999999999999996,1.01,-3.0,
-0.5999999999999996,1.21,-3.0,
-0.7999999999999996,1.41,-3.0,
-0.9999999999999996,1.6099999999999999,-2.8,
-0.9999999999999996,1.8099999999999998,-2.8,
-1.1999999999999995,2.01,-2.5999999999999996,
-1.1999999999999995,2.21,-2.5999999999999996,
-1.1999999999999995,2.41,-2.3999999999999995,
-1.1999999999999995,2.6100000000000003,-2.3999999999999995,
