规划路径
0.0,1.0,-3.0,
-0.2,1.2,-3.0,
-0.4,1.4,-3.0,
-0.4,1.5999999999999999,-3.0,
-0.4,1.7999999999999998,-3.0,
-0.6000000000000001,1.9999999999999998,-2.8,
-0.6000000000000001,2.1999999999999997,-2.8,
-0.6000000000000001,2.4,-2.5999999999999996,
-0.6000000000000001,2.6,-2.5999999999999996,
-0.6000000000000001,2.8000000000000003,-2.3999999999999995,
-0.6000000000000001,3.0000000000000004,-2.3999999999999995,
-0.8,3.2000000000000006,-2.3999999999999995,
规划路径
-0.7999999999999998,3.51,-2.3,
-0.5999999999999999,3.3099999999999996,-2.3,
-0.39999999999999986,3.1099999999999994,-2.3,
规划路径
-0.2999999999999998,2.81,-2.4,
-0.49999999999999983,2.61,-2.6,
-0.6999999999999998,2.4099999999999997,-2.6,
-0.8999999999999999,2.2099999999999995,-2.6,
-1.0999999999999999,2.2099999999999995,-2.6,
-1.2999999999999998,2.0099999999999993,-2.6,
-1.4999999999999998,1.8099999999999994,-2.6,
-1.6999999999999997,1.6099999999999994,-2.6,
-1.8999999999999997,1.6099999999999994,-2.6,
-2.0999999999999996,1.6099999999999994,-2.6,
-2.3,1.6099999999999994,-2.6,
规划路径
-2.5999999999999996,1.51,-2.5,
-2.5999999999999996,1.51,-2.3,
-2.5999999999999996,1.51,-2.0999999999999996,
-2.8,1.51,-1.8999999999999997,
-2.8,1.51,-1.6999999999999997,
-2.8,1.51,-1.4999999999999998,
规划路径
-2.9,1.4100000000000001,-1.0999999999999996,
-2.9,1.61,-0.8999999999999997,
-2.9,1.61,-0.6999999999999997,
-2.9,1.81,-0.4999999999999997,
-2.9,1.81,-0.2999999999999997,
-2.9,1.81,-0.0999999999999997,
-2.9,1.81,0.10000000000000031,
-2.9,1.81,0.3000000000000003,
-2.9,2.0100000000000002,0.5000000000000003,
-2.6999999999999997,2.2100000000000004,0.7000000000000004,
-2.6999999999999997,2.2100000000000004,0.9000000000000004,
规划路径
-2.5,2.11,1.3000000000000007,
-2.3,2.31,1.5000000000000007,
-2.0999999999999996,2.31,1.7000000000000006,
-1.8999999999999997,2.5100000000000002,1.9000000000000006,
-1.6999999999999997,2.5100000000000002,2.1000000000000005,
-1.4999999999999998,2.5100000000000002,2.3000000000000007,
-1.2999999999999998,2.5100000000000002,2.500000000000001,
-1.0999999999999999,2.5100000000000002,2.700000000000001,
-0.8999999999999999,2.5100000000000002,2.9000000000000012,
-0.7,2.5100000000000002,2.9000000000000012,
规划路径
-0.39999999999999947,2.51,3.0,
-0.19999999999999946,2.3099999999999996,3.0,
5.551115123125783e-16,2.1099999999999994,3.0,
0.20000000000000057,1.9099999999999995,3.0,
0.4000000000000006,1.7099999999999995,3.0,
0.4000000000000006,1.5099999999999996,3.0,
0.6000000000000005,1.3099999999999996,3.0,
0.6000000000000005,1.1099999999999997,3.0,
0.6000000000000005,0.9099999999999997,3.0,
规划路径
0.7000000000000002,0.51,2.9000000000000004,
0.9000000000000001,0.71,2.9000000000000004,
1.1,0.71,2.9000000000000004,
1.3,0.71,2.7,
1.5,0.71,2.7,
1.7,0.9099999999999999,2.5,
1.9,0.9099999999999999,2.5,
2.1,0.9099999999999999,2.3,
规划路径
2.3000000000000007,1.01,2.1000000000000005,
2.500000000000001,1.01,1.9000000000000006,
2.700000000000001,1.01,1.7000000000000006,
2.9000000000000012,1.01,1.5000000000000007,
3.1000000000000014,1.01,1.3000000000000007,
3.1000000000000014,1.01,1.1000000000000008,
3.1000000000000014,1.01,0.9000000000000008,
3.1000000000000014,1.01,0.7000000000000008,
规划路径
3.200000000000001,1.11,0.40000000000000036,
3.200000000000001,1.11,0.20000000000000034,
3.000000000000001,1.11,3.3306690738754696e-16,
规划路径
3.0,1.01,-0.39999999999999947,
3.0,1.21,-0.19999999999999946,
3.0,1.41,5.551115123125783e-16,
3.0,1.6099999999999999,0.20000000000000057,
规划路径
3.0999999999999996,1.81,0.40000000000000036,
3.0999999999999996,1.61,0.40000000000000036,
3.0999999999999996,1.4100000000000001,0.20000000000000034,
3.0999999999999996,1.2100000000000002,0.20000000000000034,
3.3,1.0100000000000002,0.20000000000000034,
规划路径
3.3000000000000007,0.6100000000000001,0.10000000000000053,
规划路径
3.200000000000001,0.81,0.3000000000000007,
3.000000000000001,0.81,0.1000000000000007,
3.000000000000001,0.81,-0.09999999999999931,
3.000000000000001,0.81,-0.2999999999999993,
3.000000000000001,0.81,-0.49999999999999933,
3.000000000000001,0.81,-0.6999999999999993,
3.000000000000001,0.81,-0.8999999999999992,
2.8000000000000007,0.81,-1.0999999999999992,
2.8000000000000007,0.81,-1.2999999999999992,
2.6000000000000005,0.81,-1.4999999999999991,
2.6000000000000005,0.81,-1.699999999999999,
2.4000000000000004,0.81,-1.899999999999999,
2.2,0.6100000000000001,-2.099999999999999,
规划路径
2.0,0.6100000000000001,-2.4,
2.0,0.81,-2.4,
2.0,1.01,-2.6,
规划路径
1.9000000000000004,1.31,-2.5999999999999996,
1.7000000000000004,1.11,-2.8,
1.5000000000000004,0.9100000000000001,-3.0,
规划路径
1.4000000000000004,0.51,-3.2,
规划路径
1.3000000000000007,0.6100000000000001,-3.0,
1.5000000000000007,0.81,-2.8,
1.7000000000000006,1.01,-2.5999999999999996,
1.9000000000000006,1.01,-2.3999999999999995,
2.1000000000000005,1.01,-2.1999999999999993,
2.3000000000000007,1.21,-1.9999999999999993,
规划路径
2.6000000000000005,1.2100000000000002,-1.5999999999999996,
2.4000000000000004,1.4100000000000001,-1.7999999999999996,
2.2,1.61,-1.9999999999999996,
2.0,1.81,-2.1999999999999997,
1.8,2.0100000000000002,-2.1999999999999997,
1.6,2.2100000000000004,-2.4,
1.4000000000000001,2.4100000000000006,-2.4,
规划路径
1.2000000000000002,2.61,-2.3,
1.0000000000000002,2.81,-2.3,
0.8000000000000003,3.0100000000000002,-2.3,
0.6000000000000003,3.0100000000000002,-2.3,
0.4000000000000003,3.2100000000000004,-2.3,
规划路径
0.0,3.21,-2.4,
0.0,3.01,-2.6,
0.0,2.8099999999999996,-2.8000000000000003,
0.0,2.6099999999999994,-2.8000000000000003,
0.0,2.4099999999999993,-2.8000000000000003,
0.0,2.209999999999999,-2.8000000000000003,
0.0,2.009999999999999,-3.0000000000000004,
0.0,1.809999999999999,-3.0000000000000004,
0.0,1.609999999999999,-3.0000000000000004,
0.0,1.409999999999999,-3.0000000000000004,
0.0,1.209999999999999,-3.0000000000000004,
0.0,1.0099999999999991,-3.2000000000000006,
规划路径
0.0,0.7100000000000001,-3.2,
-0.2,0.7100000000000001,-3.0,
-0.4,0.7100000000000001,-3.0,
-0.6000000000000001,0.7100000000000001,-3.0,
-0.8,0.7100000000000001,-3.0,
-1.0,0.7100000000000001,-3.0,
-1.2,0.7100000000000001,-2.8,
-1.4,0.7100000000000001,-2.8,
-1.5999999999999999,0.9100000000000001,-2.8,
