规划路径
0.0,1.0,-3.0,
-0.2,1.2,-3.0,
-0.4,1.4,-3.0,
-0.6000000000000001,1.5999999999999999,-3.0,
-0.8,1.7999999999999998,-2.8,
-1.0,1.9999999999999998,-2.8,
-1.2,2.1999999999999997,-2.5999999999999996,
-1.4,2.4,-2.3999999999999995,
-1.5999999999999999,2.6,-2.1999999999999993,
规划路径
-2.0,2.61,-2.0999999999999996,
-1.8,2.4099999999999997,-2.3,
-1.6,2.4099999999999997,-2.3,
规划路径
-1.2999999999999998,2.41,-2.4,
-1.0999999999999999,2.6100000000000003,-2.4,
-0.8999999999999999,2.6100000000000003,-2.4,
-0.7,2.8100000000000005,-2.4,
-0.49999999999999994,2.8100000000000005,-2.4,
-0.29999999999999993,2.8100000000000005,-2.4,
-0.09999999999999992,2.8100000000000005,-2.4,
0.10000000000000009,2.8100000000000005,-2.4,
0.3000000000000001,2.8100000000000005,-2.4,
0.5000000000000001,2.8100000000000005,-2.4,
0.7000000000000002,3.0100000000000007,-2.4,
0.9000000000000001,3.0100000000000007,-2.4,
1.1,3.0100000000000007,-2.1999999999999997,
规划路径
1.4000000000000004,3.11,-2.1999999999999997,
1.6000000000000003,3.31,-2.1999999999999997,
规划路径
1.9000000000000004,3.31,-2.1999999999999997,
1.7000000000000004,3.5100000000000002,-1.9999999999999998,
1.5000000000000004,3.7100000000000004,-1.7999999999999998,
1.3000000000000005,3.7100000000000004,-1.5999999999999999,
1.1000000000000005,3.7100000000000004,-1.4,
0.9000000000000006,3.9100000000000006,-1.2,
0.7000000000000006,3.9100000000000006,-1.2,
规划路径
0.3000000000000007,3.91,-1.0999999999999996,
0.5000000000000007,3.71,-1.2999999999999996,
0.7000000000000006,3.71,-1.4999999999999996,
规划路径
1.0,3.61,-1.6999999999999997,
1.2,3.61,-1.8999999999999997,
规划路径
1.5,3.61,-2.0999999999999996,
1.3,3.61,-1.8999999999999997,
1.1,3.61,-1.6999999999999997,
0.9000000000000001,3.61,-1.4999999999999998,
0.7000000000000002,3.81,-1.2999999999999998,
0.5000000000000002,3.81,-1.0999999999999999,
0.3000000000000002,3.81,-1.0999999999999999,
0.1000000000000002,3.81,-1.0999999999999999,
-0.09999999999999981,3.81,-1.0999999999999999,
-0.2999999999999998,3.81,-1.0999999999999999,
规划路径
-0.5999999999999996,3.91,-0.7999999999999998,
-0.39999999999999963,3.91,-0.9999999999999998,
-0.19999999999999962,3.91,-1.1999999999999997,
3.885780586188048e-16,3.71,-1.3999999999999997,
3.885780586188048e-16,3.71,-1.5999999999999996,
0.2000000000000004,3.51,-1.7999999999999996,
0.2000000000000004,3.3099999999999996,-1.9999999999999996,
0.2000000000000004,3.1099999999999994,-2.1999999999999997,
0.2000000000000004,3.1099999999999994,-2.4,
规划路径
0.3000000000000007,3.01,-2.8,
0.1000000000000007,3.21,-2.5999999999999996,
-0.09999999999999931,3.41,-2.3999999999999995,
-0.2999999999999993,3.41,-2.1999999999999993,
-0.49999999999999933,3.41,-1.9999999999999993,
-0.6999999999999993,3.6100000000000003,-1.7999999999999994,
-0.8999999999999992,3.6100000000000003,-1.5999999999999994,
-1.0999999999999992,3.6100000000000003,-1.3999999999999995,
-1.0999999999999992,3.6100000000000003,-1.1999999999999995,
规划路径
-1.1999999999999997,3.71,-0.7999999999999998,
-0.9999999999999998,3.71,-0.9999999999999998,
-0.7999999999999998,3.71,-1.1999999999999997,
-0.5999999999999999,3.71,-1.3999999999999997,
-0.39999999999999986,3.51,-1.5999999999999996,
-0.19999999999999984,3.51,-1.7999999999999996,
1.6653345369377348e-16,3.3099999999999996,-1.9999999999999996,
0.20000000000000018,3.3099999999999996,-2.1999999999999997,
0.4000000000000002,3.3099999999999996,-2.1999999999999997,
规划路径
0.7000000000000002,3.21,-2.3,
规划路径
0.5,3.51,-2.0,
0.3,3.3099999999999996,-2.2,
0.3,3.1099999999999994,-2.4000000000000004,
0.3,2.9099999999999993,-2.6000000000000005,
0.09999999999999998,2.709999999999999,-2.6000000000000005,
规划路径
0.10000000000000053,2.31,-2.6999999999999997,
0.10000000000000053,2.5100000000000002,-2.6999999999999997,
0.10000000000000053,2.7100000000000004,-2.4999999999999996,
0.30000000000000054,2.9100000000000006,-2.2999999999999994,
0.30000000000000054,3.1100000000000008,-2.2999999999999994,
0.30000000000000054,3.310000000000001,-2.2999999999999994,
0.30000000000000054,3.510000000000001,-2.2999999999999994,
规划路径
0.40000000000000036,3.91,-2.0999999999999996,
0.6000000000000003,3.71,-2.0999999999999996,
0.8000000000000003,3.51,-2.0999999999999996,
1.0000000000000002,3.3099999999999996,-2.0999999999999996,
1.2000000000000002,3.1099999999999994,-2.0999999999999996,
1.4000000000000001,2.9099999999999993,-2.3,
1.4000000000000001,2.709999999999999,-2.3,
规划路径
1.5,2.41,-2.3,
规划路径
1.6000000000000005,2.81,-2.5,
1.8000000000000005,2.61,-2.7,
2.0000000000000004,2.4099999999999997,-2.9000000000000004,
2.2000000000000006,2.2099999999999995,-3.1000000000000005,
2.400000000000001,2.0099999999999993,-3.3000000000000007,
2.600000000000001,1.8099999999999994,-3.3000000000000007,
2.800000000000001,1.6099999999999994,-3.500000000000001,
3.0000000000000013,1.4099999999999995,-3.500000000000001,
3.2000000000000015,1.2099999999999995,-3.500000000000001,
3.2000000000000015,1.0099999999999996,-3.500000000000001,
规划路径
3.3000000000000007,0.6100000000000001,-3.5999999999999996,
3.1000000000000005,0.81,-3.5999999999999996,
2.9000000000000004,1.01,-3.3999999999999995,
2.7,1.21,-3.3999999999999995,
2.5,1.41,-3.3999999999999995,
2.3,1.6099999999999999,-3.1999999999999993,
2.0999999999999996,1.8099999999999998,-3.1999999999999993,
1.8999999999999997,2.01,-3.1999999999999993,
规划路径
1.7000000000000002,2.41,-3.0999999999999996,
1.5000000000000002,2.41,-3.3,
1.3000000000000003,2.41,-3.5,
1.1000000000000003,2.41,-3.5,
0.9000000000000004,2.41,-3.5,
规划路径
0.6000000000000005,2.31,-3.5999999999999996,
0.8000000000000005,2.31,-3.3999999999999995,
1.0000000000000004,2.31,-3.1999999999999993,
1.2000000000000004,2.31,-2.999999999999999,
1.4000000000000004,2.31,-2.799999999999999,
1.6000000000000003,2.31,-2.799999999999999,
1.8000000000000003,2.11,-2.5999999999999988,
规划路径
2.2,2.11,-2.5999999999999996,
2.0,2.11,-2.5999999999999996,
1.8,2.11,-2.8,
规划路径
1.4000000000000004,2.11,-2.8,
1.4000000000000004,2.11,-3.0,
1.4000000000000004,2.11,-3.2,
1.4000000000000004,2.11,-3.4000000000000004,
