规划路径
0.0,1.0,-3.0,
-0.2,1.0,-3.0,
-0.4,1.0,-3.0,
-0.6000000000000001,1.0,-3.0,
-0.8,1.0,-3.0,
-1.0,1.0,-3.0,
-1.2,1.0,-2.8,
-1.4,1.0,-2.8,
-1.5999999999999999,1.0,-2.5999999999999996,
-1.7999999999999998,0.8,-2.3999999999999995,
-1.9999999999999998,0.8,-2.3999999999999995,
-2.1999999999999997,0.8,-2.1999999999999993,
-2.4,0.8,-1.9999999999999993,
规划路径
-2.5999999999999996,0.7100000000000001,-1.6999999999999997,
-2.5999999999999996,0.9100000000000001,-1.6999999999999997,
-2.5999999999999996,1.11,-1.6999999999999997,
-2.5999999999999996,1.31,-1.6999999999999997,
-2.5999999999999996,1.51,-1.6999999999999997,
-2.5999999999999996,1.71,-1.6999999999999997,
-2.5999999999999996,1.91,-1.6999999999999997,
-2.3999999999999995,2.11,-1.6999999999999997,
-2.3999999999999995,2.31,-1.6999999999999997,
-2.3999999999999995,2.5100000000000002,-1.6999999999999997,
-2.1999999999999993,2.7100000000000004,-1.6999999999999997,
-2.1999999999999993,2.9100000000000006,-1.6999999999999997,
-2.1999999999999993,3.1100000000000008,-1.6999999999999997,
