规划路径
0.0,1.0,-3.0,
-0.2,1.0,-3.0,
-0.4,1.0,-3.0,
-0.6000000000000001,1.0,-3.0,
-0.8,1.0,-3.0,
-1.0,1.0,-3.0,
-1.2,1.0,-2.8,
-1.4,1.0,-2.8,
-1.5999999999999999,1.0,-2.5999999999999996,
-1.7999999999999998,1.2,-2.3999999999999995,
-1.9999999999999998,1.2,-2.3999999999999995,
-2.1999999999999997,1.2,-2.1999999999999993,
-2.4,1.0,-1.9999999999999993,
规划路径
-2.5999999046325684,1.0099999904632568,-1.7000000476837158,
-2.5999999046325684,1.0099999904632568,-1.5000000476837159,
-2.7999999046325685,1.2099999904632568,-1.300000047683716,
-2.9999999046325687,1.2099999904632568,-1.100000047683716,
-2.9999999046325687,1.2099999904632568,-0.900000047683716,
-2.9999999046325687,1.2099999904632568,-0.700000047683716,
-2.9999999046325687,1.2099999904632568,-0.5000000476837161,
-2.9999999046325687,1.2099999904632568,-0.3000000476837161,
-2.9999999046325687,1.2099999904632568,-0.10000004768371606,
-2.9999999046325687,1.2099999904632568,0.09999995231628395,
-2.9999999046325687,1.2099999904632568,0.29999995231628396,
-2.9999999046325687,1.2099999904632568,0.49999995231628397,
-2.9999999046325687,1.2099999904632568,0.699999952316284,
规划路径
-3.0,1.2100000381469727,1.100000023841858,
-3.0,1.0100000381469727,0.900000023841858,
-3.0,1.0100000381469727,0.700000023841858,
-3.0,1.0100000381469727,0.500000023841858,
-3.0,1.0100000381469727,0.30000002384185803,
-3.0,0.8100000381469727,0.10000002384185802,
-3.0,0.8100000381469727,-0.09999997615814199,
-3.0,0.8100000381469727,-0.299999976158142,
-3.0,0.8100000381469727,-0.499999976158142,
-3.0,0.6100000381469728,-0.699999976158142,
-3.0,0.6100000381469728,-0.8999999761581421,
-2.8,0.6100000381469728,-1.099999976158142,
规划路径
-2.700000047683716,0.5099999904632568,-1.399999976158142,
-2.5000000476837156,0.5099999904632568,-1.599999976158142,
-2.3000000476837155,0.3099999904632568,-1.799999976158142,
-2.3000000476837155,0.3099999904632568,-1.999999976158142,
-2.1000000476837153,0.3099999904632568,-2.199999976158142,
-1.9000000476837153,0.3099999904632568,-2.399999976158142,
-1.7000000476837154,0.3099999904632568,-2.5999999761581423,
-1.5000000476837154,0.3099999904632568,-2.7999999761581424,
-1.3000000476837155,0.3099999904632568,-2.9999999761581426,
-1.1000000476837155,0.3099999904632568,-2.9999999761581426,
-0.9000000476837156,0.3099999904632568,-3.199999976158143,
-0.7000000476837156,0.5099999904632568,-3.199999976158143,
规划路径
-0.4000000059604645,0.5099999904632568,-3.299999952316284,
-0.6000000059604644,0.5099999904632568,-3.099999952316284,
-0.8000000059604644,0.5099999904632568,-3.099999952316284,
-1.0000000059604643,0.5099999904632568,-2.899999952316284,
-1.2000000059604643,0.5099999904632568,-2.899999952316284,
-1.4000000059604643,0.5099999904632568,-2.6999999523162836,
-1.6000000059604642,0.5099999904632568,-2.4999999523162835,
-1.8000000059604642,0.7099999904632568,-2.4999999523162835,
-2.000000005960464,0.7099999904632568,-2.4999999523162835,
-2.2000000059604643,0.9099999904632567,-2.2999999523162833,
-2.4000000059604645,0.9099999904632567,-2.099999952316283,
-2.6000000059604647,1.1099999904632567,-1.8999999523162832,
规划路径
-2.700000047683716,1.1100000143051147,-1.5,
-2.700000047683716,1.3100000143051147,-1.3,
-2.900000047683716,1.5100000143051147,-1.1,
-2.900000047683716,1.7100000143051146,-0.9000000000000001,
-2.900000047683716,1.7100000143051146,-0.7000000000000002,
-2.900000047683716,1.7100000143051146,-0.5000000000000002,
-2.900000047683716,1.9100000143051146,-0.3000000000000002,
-2.900000047683716,1.9100000143051146,-0.1000000000000002,
-2.900000047683716,1.9100000143051146,0.09999999999999981,
-2.900000047683716,1.9100000143051146,0.2999999999999998,
-2.900000047683716,2.1100000143051147,0.49999999999999983,
-2.700000047683716,2.1100000143051147,0.6999999999999998,
-2.700000047683716,2.1100000143051147,0.8999999999999999,
规划路径
-2.5999999046325684,2.2100000381469727,1.2000000476837158,
-2.399999904632568,2.2100000381469727,1.4000000476837158,
-2.399999904632568,2.0100000381469725,1.6000000476837157,
-2.199999904632568,2.0100000381469725,1.8000000476837157,
-1.999999904632568,2.0100000381469725,2.0000000476837156,
-1.799999904632568,2.0100000381469725,2.200000047683716,
-1.5999999046325681,2.0100000381469725,2.400000047683716,
-1.3999999046325682,1.8100000381469725,2.600000047683716,
-1.1999999046325682,1.6100000381469726,2.8000000476837164,
规划路径
-0.8999999761581421,1.6100000143051147,2.799999952316284,
-0.6999999761581421,1.6100000143051147,2.9999999523162844,
-0.4999999761581421,1.6100000143051147,2.9999999523162844,
-0.2999999761581421,1.6100000143051147,2.9999999523162844,
-0.0999999761581421,1.6100000143051147,2.9999999523162844,
0.10000002384185791,1.6100000143051147,2.9999999523162844,
0.3000000238418579,1.6100000143051147,2.9999999523162844,
0.5000000238418579,1.6100000143051147,2.9999999523162844,
0.700000023841858,1.6100000143051147,2.9999999523162844,
0.900000023841858,1.6100000143051147,2.799999952316284,
1.100000023841858,1.6100000143051147,2.799999952316284,
1.3000000238418579,1.8100000143051147,2.599999952316284,
1.5000000238418578,1.8100000143051147,2.599999952316284,
规划路径
1.7999999523162842,1.809999942779541,2.299999952316284,
1.9999999523162841,2.009999942779541,2.099999952316284,
1.9999999523162841,2.2099999427795414,1.899999952316284,
2.199999952316284,2.4099999427795415,1.699999952316284,
2.199999952316284,2.6099999427795417,1.4999999523162841,
2.199999952316284,2.809999942779542,1.2999999523162842,
2.199999952316284,3.009999942779542,1.0999999523162842,
2.199999952316284,3.009999942779542,0.8999999523162843,
1.9999999523162841,3.2099999427795423,0.6999999523162843,
1.9999999523162841,3.2099999427795423,0.4999999523162843,
1.9999999523162841,3.4099999427795424,0.2999999523162843,
1.9999999523162841,3.4099999427795424,0.09999995231628428,
规划路径
1.899999976158142,3.4100000858306885,-0.20000000298023224,
2.0999999761581423,3.2100000858306883,-2.980232227667301e-09,
2.2999999761581424,3.010000085830688,0.19999999701976778,
2.4999999761581426,2.810000085830688,0.3999999970197678,
2.4999999761581426,2.6100000858306878,0.5999999970197678,
2.699999976158143,2.4100000858306876,0.7999999970197678,
2.699999976158143,2.2100000858306874,0.9999999970197677,
2.699999976158143,2.0100000858306872,1.1999999970197677,
2.699999976158143,1.8100000858306873,1.3999999970197676,
规划路径
2.700000047683716,1.409999966621399,1.399999976158142,
2.700000047683716,1.6099999666213989,1.1999999761581421,
2.700000047683716,1.8099999666213988,1.1999999761581421,
2.700000047683716,2.009999966621399,0.9999999761581422,
2.700000047683716,2.209999966621399,0.7999999761581422,
2.700000047683716,2.4099999666213994,0.5999999761581423,
2.5000000476837156,2.6099999666213995,0.39999997615814226,
2.5000000476837156,2.8099999666213997,0.19999997615814225,
2.3000000476837155,3.0099999666214,0.19999997615814225,
2.1000000476837153,3.2099999666214,-2.3841857765827257e-08,
1.9000000476837153,3.4099999666214003,-2.3841857765827257e-08,
规划路径
1.600000023841858,3.7100000381469727,-0.10000000149011612,
1.8000000238418579,3.5100000381469725,0.09999999850988389,
2.000000023841858,3.3100000381469723,0.2999999985098839,
2.200000023841858,3.110000038146972,0.4999999985098839,
2.400000023841858,2.910000038146972,0.6999999985098839,
2.400000023841858,2.7100000381469718,0.8999999985098839,
2.400000023841858,2.5100000381469716,1.0999999985098838,
2.400000023841858,2.3100000381469714,1.2999999985098838,
2.400000023841858,2.1100000381469712,1.4999999985098837,
2.400000023841858,1.9100000381469713,1.6999999985098837,
规划路径
2.299999952316284,1.809999942779541,2.0999999046325684,
2.4999999523162844,1.609999942779541,1.8999999046325684,
2.4999999523162844,1.409999942779541,1.6999999046325684,
2.6999999523162845,1.2099999427795411,1.4999999046325685,
2.6999999523162845,1.2099999427795411,1.2999999046325685,
2.8999999523162847,1.0099999427795412,1.0999999046325686,
2.8999999523162847,0.8099999427795412,0.8999999046325686,
2.8999999523162847,0.6099999427795413,0.6999999046325687,
2.8999999523162847,0.40999994277954127,0.49999990463256866,
3.099999952316285,0.40999994277954127,0.29999990463256865,
3.099999952316285,0.40999994277954127,0.09999990463256864,
3.099999952316285,0.40999994277954127,-0.10000009536743137,
