规划路径
0.0,1.0,-3.0,
-0.14322184136949895,1.1682856636091614,-3.2028976086067904,
-0.18244037161688662,1.0536441196772675,-3.477341087833655,
-0.22165890186427428,0.9390025757453734,-3.751784567060519,
-0.2608774321116619,0.8243610318134793,-4.026228046287383,
-0.2999999999999998,0.7100000000000001,-4.3,
规划路径
-0.2999999999999998,0.7100000000000001,-4.3,
-0.3528270543795373,1.000548799087456,-4.352827054379537,
-0.5338574462792695,1.19488728471308,-4.213325978350108,
-0.7718996873060153,1.1759341349515802,-4.0317311832675315,
-1.0577668027142595,1.2642807819360922,-4.0099398479536115,
-1.3436339181225034,1.3526274289206042,-3.988148512639692,
-1.6160597217728156,1.4676937061026023,-3.937711092394826,
-1.9051417009828646,1.5469370495051629,-3.9253781356372346,
-2.1942236801929136,1.6261803929077232,-3.913045178879643,
-2.4833056594029626,1.7054237363102835,-3.9007122221220514,
-2.5,1.7100000000000002,-3.9,
规划路径
-2.5,1.7100000000000002,-3.9,
-2.594573248748692,1.520853502502616,-3.687210190315443,
-2.6927153612351065,1.738862919919241,-3.5059920353905905,
-2.7871173412540005,1.7893195575940666,-3.2257378759512276,
-2.7105800172635623,1.909340569342036,-2.9616602457449255,
-2.846063022909911,1.937205476156712,-2.695449986458697,
-2.9815460285562594,1.9650703829713878,-2.4292397271724684,
-3.117029034202608,1.9929352897860637,-2.16302946788624,
-3.2,2.01,-2.0,
规划路径
-3.2,2.01,-2.0,
-3.178076477142744,1.8674971014278352,-1.736917725712927,
-3.1561529542854876,1.7249942028556706,-1.4738354514258538,
-3.1342294314282317,1.582491304283506,-1.2107531771387807,
-3.1123059085709754,1.4399884057113415,-0.9476709028517076,
-3.0903823857137196,1.2974855071391769,-0.6845886285646345,
-3.0684588628564633,1.1549826085670123,-0.4215063542775615,
-3.0465353399992074,1.0124797099948477,-0.1584240799904884,
-3.024611817141951,0.8699768114226833,0.10465819429658474,
-3.0026882942846953,0.7274739128505189,0.3677404685836579,
-3.0,0.7100000000000001,0.40000000000000036,
规划路径
-3.0,0.7100000000000001,0.40000000000000036,
-3.0163178487966125,0.9710855807458023,0.5468606391695141,
-2.9432713925753586,1.258646853274666,0.5912760618861457,
-2.8702249363541052,1.5462081258035296,0.6356914846027772,
-2.7971784801328514,1.8337693983323933,0.6801069073194088,
-2.724132023911598,2.1213306708612567,0.7245223300360404,
-2.6510855676903446,2.4088919433901204,0.768937752752672,
-2.5999999999999996,2.61,0.8000000000000007,
规划路径
-2.5999999999999996,2.61,0.8000000000000007,
-2.4884396383758354,2.457872234148867,1.0332625743050712,
-2.435011327804074,2.643851972232905,1.262515606240616,
-2.229792553912016,2.784298436478379,1.4303251575873295,
-2.024573780019958,2.924744900723853,1.598134708934043,
-1.9,3.01,1.7000000000000002,
规划路径
-1.9,3.01,1.7000000000000002,
-2.023884496290103,2.831055727580962,1.9064741604835058,
-1.8775174818391474,2.621766597234256,2.063874150951845,
-1.9189791822386597,2.3959425458706383,2.2569659043379056,
-1.739267533516268,2.201536877149588,2.3980692681624474,
-1.5595558847938762,2.0071312084285378,2.5391726319869887,
-1.3798442360714844,1.8127255397074875,2.6802759958115305,
-1.2001325873490927,1.6183198709864373,2.8213793596360723,
-1.0999999999999996,1.51,2.9000000000000004,
规划路径
-1.0999999999999996,1.51,2.9000000000000004,
-1.2143001143001713,1.2432997332996,2.823799923799886,
-1.3286002286003427,0.9765994665992002,2.747599847599772,
-1.4,0.81,2.7,
规划路径
-1.4,0.81,2.7,
-1.1763932022500208,0.8994427190999916,2.8788854381999833,
-1.0907489359927534,1.0527223347735255,3.1221351433924625,
-0.8999999999999995,1.01,3.0999999999999996,
规划路径
-0.8999999999999995,1.01,3.0999999999999996,
-1.161750861533469,0.869057228405055,3.059730636687158,
-1.4235017230669387,0.7281144568101099,3.0194612733743167,
-1.6852525846004083,0.5871716852151647,2.9791919100614757,
-1.95697782240686,0.471096173927704,2.9273086678884788,
-2.1999999999999997,0.31000000000000005,2.9000000000000004,
规划路径
-2.1999999999999997,0.31000000000000005,2.9000000000000004,
-1.905886319354476,0.34042555317022666,2.9507092552837113,
-1.6307937714226082,0.33003966778810667,3.069941060844067,
-1.3557012234907404,0.31965378240598663,3.189172866404423,
-1.0999999999999996,0.31000000000000005,3.3000000000000007,
规划路径
-1.0999999999999996,0.31000000000000005,3.3000000000000007,
-1.288759468600389,0.31000000000000005,3.066826538787755,
-1.4775189372007782,0.31000000000000005,2.8336530775755095,
-1.6662784058011675,0.31000000000000005,2.600479616363264,
-1.8550378744015568,0.31000000000000005,2.3673061551510184,
-2.043797343001946,0.31000000000000005,2.134132693938773,
-2.2325568116023353,0.31000000000000005,1.9009592327265272,
-2.4213162802027246,0.31000000000000005,1.6677857715142816,
-2.610075748803114,0.31000000000000005,1.434612310302036,
-2.798835217403503,0.31000000000000005,1.2014388490897903,
-2.8,0.31000000000000005,1.2000000000000002,
规划路径
-2.8,0.31000000000000005,1.2000000000000002,
-3.00956064194071,0.5195606419407099,1.2465690315423803,
-3.0466767515662863,0.6151459304227186,0.9646366867642875,
-3.0812103486428706,0.5735477483532391,0.6695485271891082,
-3.115743945719455,0.5319495662837596,0.37446036761392876,
-3.150277542796039,0.49035138421428004,0.07937220803874939,
-3.1848111398726235,0.4487532021448005,-0.21571595153643003,
-3.219344736949208,0.407155020075321,-0.5108041111116094,
-3.253878334025792,0.36555683800584143,-0.8058922706867888,
-3.367357592673037,0.52436916569952,-1.0337104052357913,
-3.3,0.31000000000000005,-1.1999999999999997,
规划路径
-3.3,0.31000000000000005,-1.1999999999999997,
-3.2185178285617333,0.5001250666892889,-0.9827142094979552,
-3.0139191143211677,0.4745084137545164,-1.2006205040915872,
-2.8205245387742246,0.5027271732714563,-1.4282215580442057,
-2.6146369485177337,0.46731506768275355,-1.6435266507757755,
-2.4087493582612427,0.43190296209405077,-1.8588317435073454,
-2.2028617680047518,0.396490856505348,-2.074136836238915,
-1.9969741777482608,0.3610787509166452,-2.289441928970485,
-1.7910865874917696,0.32566664532794243,-2.5047470217020544,
-1.6999999999999997,0.31000000000000005,-2.5999999999999996,
规划路径
-1.6999999999999997,0.31000000000000005,-2.5999999999999996,
-1.7731126155013928,0.5815611432908887,-2.7044465935734183,
-1.501151640195711,0.6902397735626181,-2.7694556947288955,
-1.4,0.51,-2.6999999999999997,
规划路径
-1.4,0.51,-2.6999999999999997,
-1.4987878339907212,0.6746463899845355,-2.9305049459783494,
-1.4989847905668225,0.9566121461081989,-2.8280585034743857,
-1.4417970996350054,1.2509304076757273,-2.8383700947073107,
-1.4554456026913463,1.522730692097019,-2.7121230204725943,
-1.4690941057476872,1.7945309765183106,-2.585875946237878,
-1.482742608804028,2.0663312609396023,-2.4596288720031616,
-1.496391111860369,2.338131545360894,-2.3333817977684452,
-1.5,2.41,-2.3,
规划路径
-1.5,2.41,-2.3,
-1.767782219486602,2.2761088902566993,-2.2808726986081,
-1.988640365735072,2.1656798171324643,-2.4512461092231717,
-1.9425470595173417,1.8693442098956863,-2.4590316731416455,
-1.8964537532996115,1.5730086026589083,-2.4668172370601193,
-1.9746357955360851,1.2992177573619657,-2.372338978697045,
-1.8949958556720163,1.0123606033081907,-2.4093586106052136,
-1.8153559158079475,0.7255034492544157,-2.4463782425133824,
-1.7357159759438787,0.43864629520064063,-2.483397874421551,
-1.6999999999999997,0.31000000000000005,-2.5,
规划路径
-1.6999999999999997,0.31000000000000005,-2.5,
-1.8135549947915335,0.5857764159222963,-2.5324442842261523,
-1.5232915261910185,0.5736482337679695,-2.607277605638671,
-1.2330280575905035,0.5615200516136426,-2.68211092705119,
-0.9427645889899885,0.5493918694593157,-2.7569442484637086,
-0.6525011203894735,0.5372636873049889,-2.8317775698762273,
-0.3622376517889585,0.525135505150662,-2.906610891288746,
-0.07197418318844351,0.5130073229963351,-2.981444212701265,
0.0,0.51,-3.0,
规划路径
0.0,0.51,-3.0,
0.22056438662814234,0.5541128773256285,-3.1985079479653282,
0.4021177168401152,0.7547412818540749,-3.068944714039525,
0.6760638065584184,0.7610543147603331,-2.946823112577802,
0.9689826426239416,0.699934765187982,-2.9683395281271436,
1.261901478689465,0.6388152156156309,-2.9898559436764853,
1.4000000000000004,0.6100000000000001,-3.0,
规划路径
1.4000000000000004,0.6100000000000001,-3.0,
1.609129002673078,0.7620938201258748,-2.8479061798741254,
1.784899486251694,0.8504665318546804,-2.6214221828142072,
1.9674354521701674,0.9281297834494301,-2.396368765826283,
2.149971418088641,1.0057930350441797,-2.171315348838359,
2.332507384007114,1.0834562866389295,-1.9462619318504348,
2.5150433499255875,1.1611195382336792,-1.7212085148625105,
2.697579315844061,1.238782789828429,-1.4961550978745861,
2.880115281762534,1.3164460414231787,-1.271101680886662,
3.0626512476810075,1.3941092930179284,-1.0460482638987376,
3.0999999999999996,1.4100000000000001,-1.0,
规划路径
3.0999999999999996,1.4100000000000001,-1.0,
3.3095606419407093,1.3634309684576202,-0.7904393580592901,
3.307680119822109,1.1758966966103708,-0.556286927964526,
3.305799597703509,0.9883624247631213,-0.32213449786976184,
3.3039190755849086,0.8008281529158718,-0.08798206777499779,
3.3020385534663084,0.6132938810686224,0.14617036231976627,
3.150137299104277,0.536483845632463,0.39320523309621613,
3.3000000000000007,0.41000000000000003,0.40000000000000036,
规划路径
3.3000000000000007,0.41000000000000003,0.40000000000000036,
3.253708995011373,0.6414550249431379,0.21483598004549012,
3.207417990022745,0.8729100498862757,0.029671960090979888,
3.263623719758022,1.0913478493455107,-0.1681305770826674,
3.2181288515306066,1.235556838633781,-0.4272328433279198,
3.0999999999999996,1.4100000000000001,-0.39999999999999947,
规划路径
3.0999999999999996,1.4100000000000001,-0.39999999999999947,
3.326978929922967,1.2712906539359645,-0.261290653935964,
3.2203092134530693,1.107743528814694,-0.48904909933985924,
3.1136394969831716,0.9441964036934234,-0.7168075447437545,
2.9452009691021974,0.9401218203861261,-0.9650249093582435,
2.8658959435538347,0.7363223523527243,-1.1703940641796917,
2.7865909180054724,0.5325228843193223,-1.37576321900114,
2.7072858924571097,0.3287234162859203,-1.581132373822588,
2.7,0.31000000000000005,-1.5999999999999996,
