规划路径
0.0,1.0,-3.0,
0.0,1.2,-3.0,
0.0,1.4,-3.0,
0.0,1.5999999999999999,-3.0,
0.0,1.7999999999999998,-3.0,
0.0,1.9999999999999998,-3.0,
-0.2,2.1999999999999997,-2.8,
-0.2,2.4,-2.8,
-0.4,2.6,-2.5999999999999996,
-0.4,2.8000000000000003,-2.3999999999999995,
-0.4,3.0000000000000004,-2.1999999999999993,
-0.4,3.2000000000000006,-1.9999999999999993,
规划路径
-0.5,3.61,-1.9,
-0.3,3.81,-1.7,
-0.09999999999999998,3.81,-1.5,
0.10000000000000003,3.81,-1.3,
0.30000000000000004,3.81,-1.1,
0.5,4.01,-0.9000000000000001,
0.5,4.01,-0.7000000000000002,
规划路径
0.5,4.01,-0.2999999999999998,
0.3,4.01,-0.2999999999999998,
0.09999999999999998,4.01,-0.2999999999999998,
-0.10000000000000003,4.01,-0.2999999999999998,
-0.30000000000000004,4.01,-0.2999999999999998,
-0.5,4.01,-0.2999999999999998,
规划路径
-0.8999999999999995,3.91,-0.39999999999999947,
-0.6999999999999995,3.91,-0.39999999999999947,
-0.4999999999999995,3.91,-0.5999999999999994,
-0.2999999999999995,4.11,-0.3999999999999994,
-0.09999999999999948,4.11,-0.3999999999999994,
0.10000000000000053,4.11,-0.3999999999999994,
0.30000000000000054,4.11,-0.3999999999999994,
0.5000000000000006,4.11,-0.3999999999999994,
0.7000000000000006,3.91,-0.3999999999999994,
0.9000000000000006,3.91,-0.3999999999999994,
1.1000000000000005,3.91,-0.3999999999999994,
1.3000000000000005,3.71,-0.1999999999999994,
1.5000000000000004,3.71,-0.1999999999999994,
1.7000000000000004,3.51,-0.1999999999999994,
规划路径
2.0,3.41,-0.09999999999999964,
2.2,3.21,-0.09999999999999964,
2.4000000000000004,3.01,-0.09999999999999964,
2.6000000000000005,2.8099999999999996,-0.09999999999999964,
2.8000000000000007,2.6099999999999994,-0.09999999999999964,
3.000000000000001,2.4099999999999993,-0.09999999999999964,
3.200000000000001,2.209999999999999,-0.09999999999999964,
3.200000000000001,2.009999999999999,-0.09999999999999964,
3.200000000000001,1.809999999999999,-0.09999999999999964,
3.200000000000001,1.609999999999999,-0.09999999999999964,
3.4000000000000012,1.409999999999999,-0.29999999999999966,
规划路径
3.4000000000000004,0.91,-0.2999999999999998,
3.2,0.71,-0.09999999999999981,
3.0,0.51,0.1000000000000002,
3.0,0.51,0.3000000000000002,
3.0,0.51,0.5000000000000002,
3.0,0.51,0.7000000000000002,
2.8,0.31,0.9000000000000001,
2.8,0.31,1.1,
规划路径
2.7,0.31000000000000005,1.4000000000000004,
2.7,0.31000000000000005,1.2000000000000004,
2.9000000000000004,0.31000000000000005,1.0000000000000004,
规划路径
2.9000000000000004,0.31000000000000005,0.7000000000000002,
2.9000000000000004,0.31000000000000005,0.9000000000000001,
2.9000000000000004,0.31000000000000005,1.1,
2.7,0.51,1.3,
2.7,0.51,1.5,
2.5,0.51,1.7,
2.3,0.51,1.9,
2.0999999999999996,0.51,2.1,
1.8999999999999997,0.51,2.3000000000000003,
规划路径
1.7000000000000002,0.7100000000000001,2.5,
1.5000000000000002,0.7100000000000001,2.7,
1.3000000000000003,0.7100000000000001,2.7,
1.1000000000000003,0.7100000000000001,2.9000000000000004,
0.9000000000000004,0.7100000000000001,2.9000000000000004,
0.7000000000000004,0.51,2.9000000000000004,
0.5000000000000004,0.51,3.1000000000000005,
0.30000000000000043,0.51,3.1000000000000005,
0.10000000000000042,0.51,3.1000000000000005,
-0.09999999999999959,0.51,3.1000000000000005,
-0.2999999999999996,0.51,3.1000000000000005,
-0.4999999999999996,0.51,3.1000000000000005,
-0.6999999999999996,0.51,3.1000000000000005,
-0.8999999999999997,0.51,3.1000000000000005,
规划路径
-1.1999999999999997,0.6100000000000001,3.0,
-1.3999999999999997,0.6100000000000001,2.8,
-1.5999999999999996,0.6100000000000001,2.5999999999999996,
-1.7999999999999996,0.6100000000000001,2.3999999999999995,
-1.9999999999999996,0.6100000000000001,2.3999999999999995,
-2.1999999999999997,0.6100000000000001,2.1999999999999993,
-2.4,0.6100000000000001,1.9999999999999993,
-2.6,0.6100000000000001,1.9999999999999993,
-2.8000000000000003,0.6100000000000001,1.9999999999999993,
-3.0000000000000004,0.81,1.9999999999999993,
规划路径
-3.3,0.81,1.9000000000000004,
-3.3,0.81,1.7000000000000004,
-3.3,0.81,1.5000000000000004,
-3.3,0.81,1.3000000000000005,
-3.3,0.81,1.1000000000000005,
-3.3,0.81,0.9000000000000006,
-3.3,0.81,0.7000000000000006,
-3.3,0.81,0.5000000000000007,
-3.3,0.81,0.30000000000000066,
-3.3,0.6100000000000001,0.10000000000000064,
规划路径
-3.3,0.6100000000000001,-0.1999999999999993,
-3.0999999999999996,0.81,-0.3999999999999993,
-3.0999999999999996,0.81,-0.5999999999999993,
规划路径
-2.9,0.91,-1.0,
-3.1,0.71,-1.0,
-3.3000000000000003,0.51,-1.0,
-3.5000000000000004,0.51,-1.0,
-3.7000000000000006,0.51,-1.0,
-3.900000000000001,0.51,-0.8,
规划路径
-4.2,0.41000000000000003,-0.7999999999999998,
-4.0,0.41000000000000003,-0.7999999999999998,
-3.8,0.41000000000000003,-0.7999999999999998,
-3.5999999999999996,0.41000000000000003,-0.7999999999999998,
-3.3999999999999995,0.41000000000000003,-0.7999999999999998,
-3.1999999999999993,0.41000000000000003,-0.9999999999999998,
规划路径
-2.8,0.31000000000000005,-1.0,
-2.8,0.51,-1.2,
-2.8,0.71,-1.4,
-2.5999999999999996,0.71,-1.5999999999999999,
-2.3999999999999995,0.9099999999999999,-1.7999999999999998,
-2.3999999999999995,0.9099999999999999,-1.9999999999999998,
规划路径
-2.1999999999999997,0.91,-2.3,
-1.9999999999999998,0.91,-2.5,
-1.7999999999999998,0.71,-2.7,
-1.5999999999999999,0.71,-2.9000000000000004,
-1.4,0.71,-3.1000000000000005,
-1.2,0.71,-3.3000000000000007,
-1.0,0.71,-3.3000000000000007,
-0.8,0.51,-3.500000000000001,
-0.6000000000000001,0.51,-3.500000000000001,
-0.4000000000000001,0.51,-3.500000000000001,
-0.20000000000000007,0.51,-3.500000000000001,
-5.551115123125783e-17,0.51,-3.700000000000001,
规划路径
0.40000000000000036,0.41000000000000003,-3.7,
0.6000000000000003,0.41000000000000003,-3.5,
0.8000000000000003,0.41000000000000003,-3.3,
1.0000000000000002,0.41000000000000003,-3.0999999999999996,
1.2000000000000002,0.41000000000000003,-2.8999999999999995,
1.4000000000000001,0.41000000000000003,-2.6999999999999993,
规划路径
1.7000000000000002,0.31000000000000005,-2.5999999999999996,
