规划路径
0.0,1.0,-3.0,
-0.19105126849905305,0.9933866868596481,-2.9412149943079835,
-0.34106907632808664,1.076801704062753,-3.0438628985202802,
-0.46494143415262157,1.2324517020120276,-3.023157413609724,
-0.5888137919771564,1.388101699961302,-3.002451928699168,
-0.691398285523201,1.5499290352236044,-3.059795936632028,
-0.8163972833406021,1.7032821333990207,-3.030502971185585,
-0.9413962811580032,1.856635231574437,-3.001210005739142,
-1.0946329237071761,1.9512120989058417,-2.9141827252689647,
-1.2126104361595962,2.1115759935960545,-2.8950848762978025,
-1.3305879486120162,2.2719398882862674,-2.8759870273266404,
-1.4485654610644363,2.43230378297648,-2.856889178355478,
-1.5665429735168563,2.592667677666693,-2.837791329384316,
-1.6845204859692764,2.7530315723569063,-2.818693480413154,
-1.7999999999999998,2.91,-2.8,
规划路径
-1.7999999999999998,2.91,-2.8,
-1.8392232270276367,2.7217285102673436,-2.7450874821613085,
-1.9877027552122277,2.6188921463308286,-2.6591892169727855,
-2.0300112397762105,2.634674943836147,-2.464353656982302,
-2.057348859234668,2.7536820799064223,-2.3059555631595052,
-2.1004295455123696,2.759163178731039,-2.110727460608881,
-2.143510231790071,2.7646442775556554,-1.9154993580582569,
-2.1865909180677727,2.770125376380272,-1.7202712555076327,
-2.2296716043454743,2.7756064752048886,-1.5250431529570085,
-2.272752290623176,2.781087574029505,-1.3298150504063844,
-2.3158329769008774,2.786568672854122,-1.1345869478557602,
-2.358913663178579,2.7920497716787387,-0.939358845305136,
-2.401994349456281,2.7975308705033557,-0.7441307427545119,
-2.445075035733983,2.8030119693279723,-0.5489026402038877,
-2.4881557220116846,2.8084930681525893,-0.35367453765326345,
-2.5,2.81,-0.2999999999999998,
规划路径
-2.5,2.81,-0.2999999999999998,
-2.4725440710778166,2.7619521243861795,-0.4921915024552823,
-2.6412227479816193,2.6749566715038977,-0.5552731569658391,
-2.6954141234328755,2.490101920800133,-0.5014956898541392,
-2.761796299361291,2.3035476930838965,-0.5296191114135337,
-2.8133193292400924,2.121718832736122,-0.4641695664438585,
-2.864842359118894,1.9398899723883472,-0.3987200214741833,
-2.9355265435884816,1.8050880284790454,-0.26898112220282844,
-2.980342303064159,1.6156903069354613,-0.22293711307333075,
-3.0251580625398358,1.4262925853918773,-0.17689310394383304,
-3.069973822015513,1.2368948638482933,-0.13084909481433535,
-3.0999999999999996,1.11,-0.09999999999999964,
规划路径
-3.0999999999999996,1.11,-0.09999999999999964,
-3.114387000025312,1.2898375003164018,-0.18632200015187245,
-3.0891652190772176,1.2922095385012062,0.012067100356840416,
-3.1420953332848756,1.3458603651212322,0.19732365709087937,
-3.1055655061349654,1.3404493853983401,0.39388482575558825,
-3.0072252223523024,1.2808652321661864,0.5575274768864976,
-2.915320462162507,1.292648197491672,0.7347693364530079,
-2.911318150541706,1.2971811756802072,0.934677899577333,
-2.907315838920905,1.3017141538687425,1.1345864627016582,
-2.903313527300104,1.306247132057278,1.3344950258259833,
-2.9,1.31,1.5,
规划路径
-2.9,1.31,1.5,
-2.8185386920037443,1.174231153339574,1.6221919619943836,
-2.7370773840074887,1.0384623066791479,1.7443839239887673,
-2.655616076011233,0.9026934600187217,1.8665758859831507,
-2.5741547680149774,0.7669246133582956,1.9887678479775341,
-2.492693460018722,0.6311557666978695,2.110959809971918,
-2.411232152022466,0.49538692003744345,2.2331517719663014,
-2.32977084402621,0.35961807337701734,2.3553437339606846,
-2.3,0.31000000000000005,2.4000000000000004,
规划路径
-2.3,0.31000000000000005,2.4000000000000004,
-2.110263340389897,0.31000000000000005,2.463245553203368,
-1.920526680779794,0.31000000000000005,2.5264911064067355,
-1.7307900211696912,0.31000000000000005,2.5897366596101032,
-1.5410533615595883,0.31000000000000005,2.6529822128134706,
-1.4,0.31000000000000005,2.7,
规划路径
-1.4,0.31000000000000005,2.7,
-1.3015268072165338,0.3346182981958666,2.872328087371066,
-1.1024396665036797,0.34061764524701926,2.8904476413871016,
-0.9756030962622664,0.33784858700889786,3.0450594674738176,
-0.8342802817624575,0.47889667705273475,3.0335139749837463,
-0.6622492267194343,0.580796122300685,3.028842876724843,
-0.49021817167641113,0.6826955675486353,3.0241717784659397,
-0.31818711663338795,0.7845950127965855,3.0195006802070363,
-0.18952638126008972,0.9370986302899158,3.005750704765236,
-0.00803688186184423,1.0211130773922032,3.003980313206509,
0.1734526175364013,1.1051275244944905,3.0022099216477818,
0.3549421169346467,1.189141971596778,3.000439530089055,
0.40000000000000036,1.2100000000000002,3.0,
规划路径
0.40000000000000036,1.2100000000000002,3.0,
0.21210996982741068,1.27263001005753,2.9721644399744314,
0.3214676684550193,1.414160993371559,2.8826665376915446,
0.47841652361953013,1.537861180657904,2.8907486492889314,
0.5804830935602865,1.6787522112661029,2.792097076596509,
0.6825496635010428,1.8196432418743018,2.693445503904087,
0.7846162334417992,1.9605342724825008,2.594793931211665,
0.9520248918867599,2.062954298224133,2.5562649887820847,
1.0387130314249977,2.2075159063673624,2.4486215592824525,
1.1254011709632357,2.3520775145105923,2.3409781297828203,
1.2120893105014736,2.4966391226538223,2.233334700283188,
1.2987774500397116,2.6412007307970518,2.125691270783556,
1.3854655895779495,2.7857623389402817,2.0180478412839236,
1.4000000000000004,2.81,2.0,
规划路径
1.4000000000000004,2.81,2.0,
1.5434274331201276,2.8817137165600637,1.8804771390665607,
1.6399723342312347,2.8477481706696284,1.7086475032006505,
1.825314834341046,2.8016063587100515,1.7679694286762426,
1.909761703644235,2.6215359633494844,1.7469128624894399,
1.994208572947424,2.4414655679889172,1.7258562963026371,
2.078655442250613,2.26139517262835,1.7047997301158344,
2.1631023115538017,2.081324777267783,1.6837431639290317,
2.2475491808569905,1.9012543819072159,1.662686597742229,
2.3319960501601793,1.7211839865466487,1.6416300315554262,
2.416442919463368,1.5411135911860816,1.6205734653686235,
2.500889788766557,1.3610431958255147,1.5995168991818207,
2.585336658069746,1.1809728004649478,1.578460332995018,
2.6697835273729353,1.0009024051043807,1.5574037668082152,
2.754230396676124,0.8208320097438137,1.5363472006214123,
2.8386772659793134,0.6407616143832466,1.5152906344346095,
2.9000000000000004,0.51,1.5,
规划路径
2.9000000000000004,0.51,1.5,
2.9953462589245596,0.4718614964301763,1.3283767339357935,
3.090692517849119,0.4337229928603526,1.156753467871587,
3.186038776773678,0.3955844892905289,0.9851302018073803,
3.2813850356982375,0.3574459857207052,0.8135069357431737,
3.3425074567549413,0.42192176391019803,0.6343228860316373,
3.4000000000000004,0.31000000000000005,0.6000000000000005,
规划路径
3.4000000000000004,0.31000000000000005,0.6000000000000005,
3.5809068067466585,0.3220604537831106,0.6844231764817743,
3.5628115766177113,0.5209044012173563,0.6959837653658831,
3.490868886882418,0.7068932662596447,0.7112281569225427,
3.4562184482835434,0.9021981809411791,0.7368277156324926,
3.381141627771931,1.0870190746754438,0.751135345105424,
3.3060648072603183,1.2718399684097086,0.7654429745783554,
3.2309879867487057,1.4566608621439734,0.7797506040512868,
3.155911166237093,1.6414817558782382,0.7940582335242182,
3.0808343457254805,1.826302649612503,0.8083658629971496,
3.005757525213868,2.0111235433467676,0.822673492470081,
2.9306807047022554,2.1959444370810326,0.8369811219430124,
2.8556038841906424,2.380765330815297,0.8512887514159438,
2.78052706367903,2.5655862245495618,0.8655963808888752,
2.7054502431674172,2.7504071182838263,0.8799040103618065,
2.630373422655804,2.935228012018091,0.8942116398347378,
2.6000000000000005,3.01,0.9000000000000004,
规划路径
2.6000000000000005,3.01,0.9000000000000004,
2.506799532845871,3.0721336447694196,0.7343102806148811,
2.3832510485846425,3.018987957142599,0.8823349674864479,
2.3146215520924796,3.01828958381581,1.07018997669815,
2.1861977699284774,2.959725786385508,1.211885473469344,
2.057773987764475,2.901161988955206,1.3535809702405381,
1.929350205600473,2.8425981915249037,1.4952764670117322,
1.8009264234364708,2.7840343940946015,1.6369719637829263,
1.6725026412724686,2.7254705966642994,1.7786674605541204,
1.5440788591084667,2.666906799233997,1.9203629573253145,
1.4156550769444647,2.608343001803695,2.062058454096509,
1.2872312947804625,2.549779204373393,2.2037539508677026,
1.2000000000000002,2.51,2.3000000000000007,
规划路径
1.2000000000000002,2.51,2.3000000000000007,
1.3736074159813485,2.596803707990674,2.2517757177829596,
1.3855615846833307,2.692631477451538,2.0766353841907224,
1.3975157533853129,2.7884592469124017,1.9014950505984853,
1.409469922087295,2.8842870163732655,1.7263547170062483,
1.375307572272933,2.986476368285251,1.5578605918535608,
1.3941864407363316,3.0808800208689435,1.3825564598303848,
1.4382967749456952,3.1427759869633247,1.19756141179617,
1.4516179069526878,3.243645151403606,1.0253755845420902,
1.4649390389596804,3.3445143158438873,0.8531897572880106,
1.478260170966673,3.4453834802841685,0.681003930033931,
1.4915813029736655,3.5462526447244502,0.5088181027798515,
1.5,3.61,0.40000000000000036,
规划路径
1.5,3.61,0.40000000000000036,
1.53889222341313,3.6359281489420865,0.5944611170656496,
1.7385453857480746,3.632811772628193,0.5831075727588501,
1.8016200176410981,3.479338522916548,0.6947657674178476,
1.8646946495341217,3.325865273204903,0.8064239620768452,
1.9277692814271452,3.172392023493258,0.9180821567358428,
1.990843913320169,3.0189187737816128,1.0297403513948404,
2.0539185452131927,2.8654455240699677,1.141398546053838,
2.1169931771062163,2.7119722743583226,1.2530567407128357,
2.18006780899924,2.5584990246466774,1.364714935371833,
2.2,2.51,1.4000000000000004,
规划路径
2.2,2.51,1.4000000000000004,
2.0644584887487802,2.417261071249165,1.5141402200010279,
2.1694260957955436,2.3827864284890437,1.6808534482627298,
2.2795881343321787,2.2253545794682914,1.736347035093642,
2.2933454375028557,2.0407969982479113,1.8121707505364566,
2.3071027406735327,1.8562394170275314,1.8879944659792713,
2.3208600438442093,1.6716818358071515,1.963818181422086,
2.3346173470148863,1.4871242545867713,2.0396418968649006,
2.348374650185563,1.3025666733663912,2.115465612307715,
2.36213195335624,1.1180090921460113,2.1912893277505296,
2.3758892565269165,0.9334515109256313,2.267113043193344,
2.3896465596975935,0.7488939297052514,2.342936758636159,
2.4000000000000004,0.6100000000000001,2.4000000000000004,
规划路径
2.4000000000000004,0.6100000000000001,2.4000000000000004,
2.4973328526784577,0.545111431547695,2.237778578869238,
2.594665705356915,0.48022286309539003,2.0755571577384755,
2.6919985580353725,0.415334294643085,1.9133357366077128,
2.7,0.41000000000000003,1.9000000000000004,
规划路径
2.7,0.41000000000000003,1.9000000000000004,
2.6528595479208974,0.3628595479208969,1.7114381916835877,
2.605719095841794,0.3157190958417938,1.522876383367175,
2.6000000000000005,0.31000000000000005,1.5,
规划路径
2.6000000000000005,0.31000000000000005,1.5,
2.7984744247111903,0.3210263569283995,1.522052713856799,
2.7050439590622957,0.4800677723136159,1.5993610334666426,
2.5542379133152116,0.48567487096577244,1.7306092601626,
2.408789732056893,0.5166239400672273,1.8643514812089121,
2.2456366810248314,0.5058108295728022,1.9795216100634239,
2.08248362999277,0.49499771907837703,2.0946917389179354,
1.9481358703663254,0.544587223862836,2.2343039178228836,
1.773165325058104,0.5511343746334714,2.330960232108761,
1.6095205021049106,0.527401603690235,2.443464132058824,
1.445875679151717,0.5036688327469987,2.555968032008887,
1.2822308561985236,0.47993606180376236,2.6684719319589503,
1.1185860332453301,0.456203290860526,2.7809758319090134,
0.9549412102921365,0.4324705199172897,2.8934797318590766,
0.8000000000000007,0.41000000000000003,3.0,
规划路径
0.8000000000000007,0.41000000000000003,3.0,
0.724071582690273,0.48592841730972763,3.168729816243839,
0.6326090876400541,0.6636617201985564,3.175474076278604,
0.4363060966832678,0.6700112142784804,3.137727292755383,
0.24097220798399785,0.7005246274976332,3.1075014174274718,
0.04483881598426687,0.7023099171865379,3.0684053142532863,
-0.15129457601546412,0.7040952068754426,3.029309211079101,
-0.3474279680151951,0.7058804965643473,2.9902131079049155,
-0.543561360014926,0.7076657862532519,2.95111700473073,
-0.739694752014657,0.7094510759421567,2.912020901556544,
-0.7999999999999998,0.7100000000000001,2.9000000000000004,
规划路径
-0.7999999999999998,0.7100000000000001,2.9000000000000004,
-0.7999999999999998,0.5159714999709336,2.948507125007267,
-0.7999999999999998,0.32194299994186715,2.997014250014533,
-0.7999999999999998,0.31000000000000005,3.0,
规划路径
-0.7999999999999998,0.31000000000000005,3.0,
-0.908964906843822,0.4770795238271941,2.9854713457541573,
-1.078584788095083,0.5461495528538136,2.905107006806026,
-1.2536298005607613,0.5603382278941004,2.809409958202155,
-1.3998153239119568,0.6941914592255707,2.7827059280819473,
-1.5406167758491887,0.7602045505193932,2.6569393867833933,
-1.6814182277864205,0.8262176418132157,2.5311728454848392,
-1.8222196797236523,0.8922307331070382,2.405406304186285,
-1.963021131660884,0.9582438244008606,2.279639762887731,
-2.103822583598116,1.0242569156946832,2.1538732215891776,
-2.244624035535348,1.0902700069885056,2.0281066802906236,
-2.3854254874725798,1.1562830982823282,1.9023401389920698,
-2.5,1.2100000000000002,1.8000000000000007,
