规划路径
0.0,1.0,-3.0,
0.2,1.2,-3.0,
0.2,1.4,-3.0,
0.2,1.5999999999999999,-3.0,
0.4,1.7999999999999998,-3.0,
0.6000000000000001,1.9999999999999998,-2.8,
0.6000000000000001,2.1999999999999997,-2.8,
0.6000000000000001,2.4,-2.5999999999999996,
0.6000000000000001,2.6,-2.5999999999999996,
0.6000000000000001,2.8000000000000003,-2.3999999999999995,
0.8,3.0000000000000004,-2.1999999999999993,
0.8,3.2000000000000006,-1.9999999999999993,
规划路径
0.800000011920929,3.509999990463257,-1.7999999523162842,
0.600000011920929,3.3099999904632567,-1.9999999523162841,
0.400000011920929,3.1099999904632565,-2.199999952316284,
0.20000001192092898,3.1099999904632565,-2.3999999523162843,
1.1920928966180355e-08,2.9099999904632563,-2.5999999523162844,
-0.19999998807907104,2.709999990463256,-2.5999999523162844,
-0.39999998807907106,2.509999990463256,-2.7999999523162846,
-0.5999999880790711,2.3099999904632558,-2.7999999523162846,
-0.7999999880790711,2.1099999904632556,-2.7999999523162846,
-0.9999999880790711,1.9099999904632556,-2.7999999523162846,
规划路径
-1.2999999523162842,1.809999942779541,-2.700000047683716,
-1.4999999523162841,1.809999942779541,-2.5000000476837156,
-1.699999952316284,1.609999942779541,-2.5000000476837156,
-1.899999952316284,1.409999942779541,-2.5000000476837156,
-2.099999952316284,1.2099999427795411,-2.3000000476837155,
-2.299999952316284,1.0099999427795412,-2.1000000476837153,
-2.4999999523162844,0.8099999427795412,-1.9000000476837153,
-2.6999999523162845,0.6099999427795413,-1.7000000476837154,
-2.8999999523162847,0.40999994277954127,-1.5000000476837154,
-3.099999952316285,0.40999994277954127,-1.3000000476837155,
规划路径
-3.4000000953674316,0.4099999964237213,-1.100000023841858,
-3.2000000953674315,0.4099999964237213,-1.3000000238418579,
-3.0000000953674313,0.4099999964237213,-1.5000000238418578,
-2.800000095367431,0.4099999964237213,-1.7000000238418578,
-2.600000095367431,0.4099999964237213,-1.9000000238418577,
-2.4000000953674308,0.4099999964237213,-2.100000023841858,
-2.2000000953674306,0.4099999964237213,-2.300000023841858,
-2.0000000953674304,0.4099999964237213,-2.5000000238418583,
-1.8000000953674304,0.4099999964237213,-2.5000000238418583,
-1.6000000953674305,0.4099999964237213,-2.5000000238418583,
规划路径
-1.2000000476837158,0.3100000023841858,-2.700000047683716,
-1.4000000476837158,0.5100000023841857,-2.700000047683716,
-1.6000000476837157,0.5100000023841857,-2.5000000476837156,
-1.8000000476837157,0.5100000023841857,-2.5000000476837156,
-2.0000000476837156,0.7100000023841857,-2.3000000476837155,
-2.200000047683716,0.7100000023841857,-2.1000000476837153,
-2.400000047683716,0.7100000023841857,-1.9000000476837153,
-2.600000047683716,0.9100000023841857,-1.7000000476837154,
规划路径
-2.700000047683716,0.9100000262260437,-1.399999976158142,
-2.900000047683716,0.9100000262260437,-1.1999999761581421,
-2.900000047683716,0.9100000262260437,-0.9999999761581422,
-2.900000047683716,0.9100000262260437,-0.7999999761581422,
-3.100000047683716,0.9100000262260437,-0.5999999761581423,
-3.100000047683716,0.9100000262260437,-0.39999997615814226,
-3.100000047683716,0.9100000262260437,-0.19999997615814225,
-3.100000047683716,0.9100000262260437,2.3841857765827257e-08,
-3.100000047683716,0.9100000262260437,0.20000002384185778,
-3.100000047683716,0.9100000262260437,0.4000000238418578,
-3.100000047683716,0.9100000262260437,0.6000000238418578,
-2.900000047683716,0.9100000262260437,0.8000000238418579,
-2.900000047683716,0.9100000262260437,1.0000000238418578,
规划路径
-2.700000047683716,1.0099999904632568,1.399999976158142,
-2.700000047683716,0.8099999904632569,1.599999976158142,
-2.5000000476837156,0.6099999904632569,1.799999976158142,
-2.3000000476837155,0.6099999904632569,1.999999976158142,
-2.1000000476837153,0.6099999904632569,2.199999976158142,
-1.9000000476837153,0.4099999904632569,2.399999976158142,
规划路径
-1.5,0.4099999964237213,2.5999999046325684,
-1.3,0.6099999964237213,2.7999999046325685,
-1.1,0.6099999964237213,2.7999999046325685,
-0.9000000000000001,0.8099999964237212,2.9999999046325687,
-0.7000000000000002,0.8099999964237212,2.9999999046325687,
-0.5000000000000002,0.8099999964237212,2.9999999046325687,
规划路径
-0.20000000298023224,0.9100000262260437,3.0,
-2.980232227667301e-09,1.1100000262260437,3.0,
0.19999999701976778,1.3100000262260436,3.0,
0.3999999970197678,1.3100000262260436,3.0,
0.5999999970197678,1.3100000262260436,3.0,
0.7999999970197678,1.5100000262260436,3.0,
0.9999999970197677,1.5100000262260436,2.8,
1.1999999970197677,1.5100000262260436,2.8,
1.3999999970197676,1.7100000262260435,2.5999999999999996,
1.5999999970197676,1.9100000262260435,2.3999999999999995,
1.7999999970197675,2.1100000262260434,2.1999999999999993,
1.9999999970197675,2.1100000262260434,1.9999999999999993,
规划路径
2.4000000953674316,1.909999966621399,1.899999976158142,
2.4000000953674316,1.709999966621399,1.6999999761581421,
2.600000095367432,1.509999966621399,1.4999999761581422,
2.600000095367432,1.309999966621399,1.4999999761581422,
2.600000095367432,1.109999966621399,1.4999999761581422,
2.600000095367432,0.9099999666213991,1.4999999761581422,
2.600000095367432,0.7099999666213992,1.4999999761581422,
规划路径
2.5999999046325684,0.3100000023841858,1.399999976158142,
2.5999999046325684,0.5100000023841857,1.599999976158142,
2.399999904632568,0.7100000023841857,1.799999976158142,
2.399999904632568,0.9100000023841857,1.999999976158142,
规划路径
2.0999999046325684,0.9100000262260437,2.200000047683716,
1.8999999046325684,0.9100000262260437,2.400000047683716,
1.6999999046325684,0.9100000262260437,2.600000047683716,
1.4999999046325685,0.9100000262260437,2.600000047683716,
1.2999999046325685,0.7100000262260437,2.8000000476837164,
1.0999999046325686,0.7100000262260437,2.8000000476837164,
0.8999999046325686,0.7100000262260437,3.0000000476837165,
0.6999999046325687,0.7100000262260437,3.0000000476837165,
0.49999990463256866,0.7100000262260437,3.0000000476837165,
0.29999990463256865,0.7100000262260437,3.0000000476837165,
规划路径
-0.10000000149011612,0.5099999904632568,3.0,
0.09999999850988389,0.5099999904632568,3.0,
0.2999999985098839,0.5099999904632568,3.0,
0.4999999985098839,0.5099999904632568,3.0,
0.6999999985098839,0.5099999904632568,3.0,
0.8999999985098839,0.5099999904632568,3.0,
1.0999999985098838,0.5099999904632568,2.8,
1.2999999985098838,0.5099999904632568,2.8,
规划路径
1.600000023841858,0.6100000143051147,2.5999999046325684,
1.8000000238418579,0.6100000143051147,2.399999904632568,
2.000000023841858,0.41000001430511473,2.199999904632568,
2.200000023841858,0.41000001430511473,1.999999904632568,
2.400000023841858,0.41000001430511473,1.799999904632568,
2.6000000238418584,0.41000001430511473,1.5999999046325681,
2.6000000238418584,0.41000001430511473,1.3999999046325682,
2.8000000238418585,0.41000001430511473,1.1999999046325682,
2.8000000238418585,0.41000001430511473,0.9999999046325683,
3.0000000238418587,0.41000001430511473,0.7999999046325683,
3.0000000238418587,0.41000001430511473,0.5999999046325684,
规划路径
3.0,0.4099999964237213,0.10000000149011612,
3.0,0.4099999964237213,0.30000000149011613,
3.0,0.4099999964237213,0.5000000014901161,
3.0,0.4099999964237213,0.7000000014901162,
3.0,0.4099999964237213,0.9000000014901162,
2.8,0.4099999964237213,1.1000000014901161,
2.8,0.4099999964237213,1.300000001490116,
2.8,0.4099999964237213,1.500000001490116,
2.8,0.4099999964237213,1.700000001490116,
2.5999999999999996,0.4099999964237213,1.900000001490116,
规划路径
2.5999999046325684,0.3100000023841858,2.299999952316284,
2.5999999046325684,0.3100000023841858,2.099999952316284,
2.5999999046325684,0.3100000023841858,1.899999952316284,
2.5999999046325684,0.3100000023841858,1.699999952316284,
2.5999999046325684,0.3100000023841858,1.4999999523162841,
2.7999999046325685,0.3100000023841858,1.2999999523162842,
2.7999999046325685,0.3100000023841858,1.0999999523162842,
2.7999999046325685,0.3100000023841858,0.8999999523162843,
2.9999999046325687,0.5100000023841857,0.6999999523162843,
2.9999999046325687,0.5100000023841857,0.4999999523162843,
2.9999999046325687,0.5100000023841857,0.2999999523162843,
2.9999999046325687,0.7100000023841857,0.09999995231628428,
规划路径
3.0,0.7099999785423279,-0.30000001192092896,
3.0,0.7099999785423279,-0.5000000119209289,
3.0,0.7099999785423279,-0.7000000119209289,
3.0,0.7099999785423279,-0.9000000119209288,
2.8,0.7099999785423279,-1.1000000119209288,
2.8,0.7099999785423279,-1.3000000119209287,
2.5999999999999996,0.7099999785423279,-1.5000000119209287,
2.5999999999999996,0.7099999785423279,-1.7000000119209286,
2.3999999999999995,0.5099999785423279,-1.9000000119209286,
2.1999999999999993,0.5099999785423279,-2.1000000119209288,
1.9999999999999993,0.5099999785423279,-2.300000011920929,
1.7999999999999994,0.5099999785423279,-2.500000011920929,
