规划路径
0.0,1.0,-3.0,
0.2,1.2,-3.0,
0.4,1.4,-3.0,
0.6000000000000001,1.5999999999999999,-3.0,
0.8,1.7999999999999998,-2.8,
1.0,1.7999999999999998,-2.8,
1.2,1.9999999999999998,-2.5999999999999996,
1.4,1.9999999999999998,-2.5999999999999996,
1.5999999999999999,1.9999999999999998,-2.3999999999999995,
规划路径
1.9000000000000004,1.9100000000000001,-2.4,
2.1000000000000005,1.7100000000000002,-2.1999999999999997,
2.3000000000000007,1.5100000000000002,-1.9999999999999998,
2.500000000000001,1.3100000000000003,-1.7999999999999998,
2.700000000000001,1.1100000000000003,-1.5999999999999999,
2.9000000000000012,0.9100000000000004,-1.4,
2.9000000000000012,0.9100000000000004,-1.2,
2.9000000000000012,0.9100000000000004,-1.0,
3.1000000000000014,0.9100000000000004,-0.8,
3.1000000000000014,0.7100000000000004,-0.6000000000000001,
规划路径
3.200000000000001,0.7100000000000001,-0.1999999999999993,
规划路径
3.3000000000000007,0.7100000000000001,-0.1999999999999993,
3.3000000000000007,0.7100000000000001,7.216449660063518e-16,
3.3000000000000007,0.7100000000000001,0.20000000000000073,
3.3000000000000007,0.7100000000000001,0.40000000000000074,
3.3000000000000007,0.7100000000000001,0.6000000000000008,
3.3000000000000007,0.7100000000000001,0.8000000000000007,
3.3000000000000007,0.7100000000000001,1.0000000000000007,
3.3000000000000007,0.7100000000000001,1.2000000000000006,
规划路径
3.200000000000001,0.7100000000000001,1.5,
3.000000000000001,0.9100000000000001,1.5,
2.8000000000000007,1.11,1.5,
2.6000000000000005,1.31,1.5,
2.6000000000000005,1.51,1.5,
2.6000000000000005,1.71,1.5,
2.4000000000000004,1.91,1.7,
规划路径
2.3000000000000007,2.21,1.6000000000000005,
2.1000000000000005,2.41,1.8000000000000005,
1.9000000000000006,2.6100000000000003,1.8000000000000005,
1.7000000000000006,2.8100000000000005,1.8000000000000005,
1.5000000000000007,3.0100000000000007,1.8000000000000005,
1.3000000000000007,3.210000000000001,1.6000000000000005,
1.1000000000000008,3.410000000000001,1.6000000000000005,
0.9000000000000008,3.610000000000001,1.4000000000000006,
0.7000000000000008,3.8100000000000014,1.2000000000000006,
规划路径
0.40000000000000036,3.81,1.0,
0.20000000000000034,4.01,0.8,
3.3306690738754696e-16,4.01,0.6000000000000001,
3.3306690738754696e-16,4.01,0.4000000000000001,
-0.19999999999999968,4.01,0.20000000000000007,
-0.19999999999999968,4.01,5.551115123125783e-17,
-0.19999999999999968,4.01,-0.19999999999999996,
-0.19999999999999968,4.01,-0.39999999999999997,
-0.19999999999999968,4.01,-0.6,
-0.3999999999999997,4.01,-0.8,
-0.3999999999999997,3.8099999999999996,-1.0,
规划路径
-0.5,3.61,-1.4,
-0.7,3.61,-1.5999999999999999,
-0.8999999999999999,3.4099999999999997,-1.7999999999999998,
-1.0999999999999999,3.2099999999999995,-1.9999999999999998,
-1.2999999999999998,3.0099999999999993,-2.1999999999999997,
-1.4999999999999998,2.809999999999999,-2.4,
-1.6999999999999997,2.609999999999999,-2.4,
-1.8999999999999997,2.409999999999999,-2.4,
-1.8999999999999997,2.2099999999999986,-2.4,
-1.8999999999999997,2.0099999999999985,-2.4,
-2.0999999999999996,1.8099999999999985,-2.6,
规划路径
-2.0999999999999996,1.51,-2.5999999999999996,
-2.3,1.31,-2.3999999999999995,
-2.5,1.11,-2.1999999999999993,
-2.7,0.9100000000000001,-1.9999999999999993,
-2.7,0.7100000000000002,-1.7999999999999994,
-2.7,0.7100000000000002,-1.5999999999999994,
-2.9000000000000004,0.7100000000000002,-1.3999999999999995,
-2.9000000000000004,0.7100000000000002,-1.1999999999999995,
规划路径
-3.0,0.51,-0.7999999999999998,
-3.0,0.71,-0.5999999999999999,
-3.0,0.9099999999999999,-0.39999999999999986,
-3.0,1.1099999999999999,-0.19999999999999984,
-3.0,1.3099999999999998,-0.19999999999999984,
-3.0,1.5099999999999998,-0.19999999999999984,
规划路径
-2.9,1.81,-0.09999999999999964,
-2.9,1.81,0.10000000000000037,
-2.9,1.81,0.3000000000000004,
-2.9,1.81,0.5000000000000004,
-2.9,1.81,0.7000000000000004,
-2.6999999999999997,2.0100000000000002,0.9000000000000004,
规划路径
-2.5999999999999996,2.01,1.2000000000000002,
-2.5999999999999996,2.21,1.0000000000000002,
-2.5999999999999996,2.41,0.8000000000000003,
-2.5999999999999996,2.6100000000000003,0.6000000000000003,
-2.3999999999999995,2.8100000000000005,0.4000000000000003,
-2.1999999999999993,3.0100000000000007,0.4000000000000003,
-1.9999999999999993,3.210000000000001,0.4000000000000003,
-1.7999999999999994,3.410000000000001,0.2000000000000003,
-1.5999999999999994,3.610000000000001,2.7755575615628914e-16,
-1.3999999999999995,3.8100000000000014,-0.19999999999999973,
规划路径
-1.1999999999999997,3.71,-0.5,
-1.3999999999999997,3.71,-0.3,
-1.3999999999999997,3.71,-0.09999999999999998,
-1.3999999999999997,3.71,0.10000000000000003,
-1.3999999999999997,3.71,0.30000000000000004,
-1.5999999999999996,3.51,0.5,
-1.7999999999999996,3.3099999999999996,0.7,
-1.9999999999999996,3.1099999999999994,0.8999999999999999,
-2.1999999999999997,2.9099999999999993,1.0999999999999999,
-2.1999999999999997,2.709999999999999,1.2999999999999998,
-2.1999999999999997,2.509999999999999,1.4999999999999998,
-2.1999999999999997,2.3099999999999987,1.6999999999999997,
规划路径
-2.0,2.21,1.9000000000000004,
-2.0,2.01,2.1000000000000005,
-2.2,1.8099999999999998,2.3000000000000007,
-2.2,1.6099999999999999,2.500000000000001,
-2.2,1.41,2.700000000000001,
-2.4000000000000004,1.21,2.9000000000000012,
-2.4000000000000004,1.01,3.1000000000000014,
-2.4000000000000004,0.81,3.3000000000000016,
规划路径
-2.5,0.6100000000000001,3.4000000000000004,
-2.3,0.6100000000000001,3.2,
-2.0999999999999996,0.6100000000000001,3.0,
-1.8999999999999997,0.6100000000000001,3.0,
规划路径
-1.5,0.6100000000000001,2.9000000000000004,
-1.3,0.81,2.9000000000000004,
-1.1,1.01,2.9000000000000004,
-0.9000000000000001,1.21,3.1000000000000005,
规划路径
-0.5999999999999996,1.2100000000000002,3.0999999999999996,
-0.39999999999999963,1.0100000000000002,3.0999999999999996,
-0.19999999999999962,0.8100000000000003,3.0999999999999996,
3.885780586188048e-16,0.6100000000000003,3.0999999999999996,
规划路径
0.40000000000000036,0.51,3.0,
0.6000000000000003,0.51,3.0,
0.8000000000000003,0.51,3.0,
1.0000000000000002,0.51,2.8,
1.2000000000000002,0.71,2.8,
1.4000000000000001,0.71,2.8,
1.6,0.9099999999999999,2.5999999999999996,
1.8,0.9099999999999999,2.3999999999999995,
2.0,0.9099999999999999,2.3999999999999995,
2.2,0.9099999999999999,2.1999999999999993,
2.4000000000000004,1.1099999999999999,1.9999999999999993,
规划路径
2.6000000000000005,1.11,1.8000000000000007,
2.8000000000000007,0.9100000000000001,1.8000000000000007,
3.000000000000001,0.7100000000000002,1.8000000000000007,
规划路径
3.200000000000001,0.6100000000000001,1.9000000000000004,
3.200000000000001,0.81,1.7000000000000004,
3.200000000000001,1.01,1.5000000000000004,
3.200000000000001,1.21,1.3000000000000005,
3.200000000000001,1.41,1.1000000000000005,
3.200000000000001,1.41,0.9000000000000006,
3.200000000000001,1.6099999999999999,0.7000000000000006,
3.000000000000001,1.6099999999999999,0.5000000000000007,
