规划视角
-0.2999999999999998,0.7100000000000001,-4.3,-0.32897647443295586,0.593253349326867,
规划视角
-2.5,1.7100000000000002,-3.9,0.41388112243100317,1.093639239298009,
规划视角
-3.2,2.01,-2.0,0.5233191048705732,0.7503976236521847,
规划视角
-3.0,0.7100000000000001,0.40000000000000036,-0.09552705768600606,1.4415484712924214,
规划视角
-2.5999999999999996,2.61,0.8000000000000007,0.796203037757711,1.6074958705819269,
规划视角
-1.9,3.01,1.7000000000000002,0.9294189264293371,2.0388965971474784,
规划视角
-1.0999999999999996,1.51,2.9000000000000004,0.42477164650573496,3.040847804124435,
规划视角
-1.4,0.81,2.7,-0.062390535568821404,2.6632402222111358,
规划视角
-0.8999999999999995,1.01,3.0999999999999996,0.0030978811440208753,3.1208370889193553,
规划视角
-2.1999999999999997,0.31000000000000005,2.9000000000000004,0.07446448271116554,2.7543964823924414,
规划视角
-1.0999999999999996,0.31000000000000005,3.3000000000000007,0.06598023385571625,2.819842099193151,
规划视角
-2.8,0.31000000000000005,1.2000000000000002,0.039054262149761515,1.9756881130799802,
规划视角
-3.3,0.31000000000000005,-1.1999999999999997,0.0677692893151628,1.4838247110101392,
规划视角
-1.6999999999999997,0.31000000000000005,-2.5999999999999996,-0.21857044473621806,0.579074269367731,
规划视角
-1.4,0.51,-2.6999999999999997,-0.15973834973892065,0.4783524313786577,
规划视角
-1.5,2.41,-2.3,0.4743826318151673,0.5779019369622457,
规划视角
-1.6999999999999997,0.31000000000000005,-2.5,-0.22438829770303043,0.858976045891827,
规划视角
0.0,0.51,-3.0,-0.16190369150866785,-0.2617993877991494,
规划视角
1.4000000000000004,0.6100000000000001,-3.0,0.14453603659307568,-0.698426547612691,
规划视角
3.0999999999999996,1.4100000000000001,-1.0,0.38701202779930916,-1.2587542052323633,
规划视角
3.3000000000000007,0.41000000000000003,0.40000000000000036,0.08613993265569853,-1.42962060757585,
规划视角
3.0999999999999996,1.4100000000000001,-0.39999999999999947,0.3922253854503542,-1.442473099109102,
规划视角
2.7,0.31000000000000005,-1.5999999999999996,0.04538998682966974,-1.2976406408079497,
