规划视角
1.399999976158142,0.4099999964237213,-2.5999999046325684,-0.19720249354514935,-0.755740764921205,1.0,
规划视角
2.5,1.7100000381469727,-1.5,0.2388781583398622,-1.0303768265243125,1.0,
规划视角
1.2000000476837158,2.4100000858306885,-2.4000000953674316,0.48382006776656933,-0.46364760900080604,1.0,
规划视角
-0.36076946777495716,1.8100000858306882,-3.000000095367432,0.2619108157795173,-0.14211762498257735,1.0,
-1.600000023841858,1.409999966621399,-2.700000047683716,0.12990121875777594,0.7967544603749991,1.0,
规划视角
-2.8000000238418585,1.209999966621399,-1.2606237715705866,0.33008146810190553,1.1477571589532038,1.0,
-3.0,0.9100000262260437,-0.10000000149011612,0.23182502949697464,1.5374753304204953,1.0,
规划视角
-2.5970776255290846,2.512922400696959,0.502922372980799,0.5195188507372885,1.762078094028745,1.0,
-1.899999976158142,3.509999990463257,0.800000011920929,0.8831804806560499,1.7075193944794032,1.0,
规划视角
-1.2772660725445422,2.687266086849656,2.222733915534529,0.5820953181945747,2.881830296150973,1.0,
-0.8999999761581421,2.2100000381469727,3.200000047683716,0.34909424777819303,2.867425213258305,1.0,
规划视角
-2.299999952316284,0.9100000262260437,2.0,0.23227993127471408,2.2865399267293776,1.0,
规划视角
-1.7999999523162842,0.4099999964237213,2.4000000953674316,-0.1941883848920148,2.2362921887865026,1.0,
规划视角
0.699999988079071,0.3100000023841858,2.9000000953674316,-0.22729182279270171,-2.9047439040280296,1.0,
规划视角
-0.8662217025773897,1.0762216930406463,2.933778404710971,0.02491215146816994,2.592692538192538,1.0,
-2.0,1.409999966621399,2.299999952316284,0.39551336434859163,2.425849053655312,1.0,
规划视角
-0.39493829893763277,1.209999966621399,3.099999952316285,0.06709790566840376,3.276675210161656,1.0,
0.800000011920929,1.0099999904632568,3.0,0.0032207689204697965,-3.142789645931769,1.0,
规划视角
2.299999952316284,1.1100000143051147,2.0,0.03607417795756829,-2.024740538930228,1.0,
规划视角
3.099999952316285,0.7100000143051148,0.4585057479767895,-0.09227881848490854,-1.7176368281329137,1.0,
3.0,0.5099999904632568,-0.6000000238418579,-0.1588127399207621,-1.3734007593033948,1.0,
规划视角
2.054999480617151,0.3099999904632568,-2.1450005432247066,-0.22823442625813944,-1.0257720059839743,1.0,
1.0,0.3100000023841858,-2.799999952316284,-0.22803550401404743,-0.3430239458147889,1.0,
