规划视角
-1.7352815829806099,1.13528158298061,-2.4647184170193897,0.044849751986241276,0.6134379893111696,1.0,
-2.5999999046325684,1.0099999904632568,-1.7000000476837158,0.003219099766121225,0.991722027779259,1.0,
规划视角
-2.9999999046325687,1.2099999904632568,0.07074707832788935,0.06986663917577157,1.5943743168439704,1.0,
-3.0,1.2100000381469727,1.100000023841858,0.327426362815748,1.9222411278038913,1.0,
规划视角
-2.700000047683716,0.5099999904632568,-1.399999976158142,-0.15973835117622148,1.3542432973916283,1.0,
规划视角
-1.472156815826248,0.3099999904632568,-2.82784320801561,-0.2131428282686536,0.21818697270772336,1.0,
-0.4000000059604645,0.5099999904632568,-3.299999952316284,-0.14635199961416262,0.3824230598854078,1.0,
规划视角
-1.985786443587369,0.7099999904632568,-2.4999999523162835,-0.0905835768063189,0.9330639909768941,1.0,
-2.700000047683716,1.1100000143051147,-1.5,0.035598773692680274,1.0636978298999993,1.0,
规划视角
-2.900000047683716,1.9100000143051146,0.10506170106236733,0.30387520133892204,1.60700866185965,1.0,
-2.5999999046325684,2.2100000381469727,1.2000000476837158,0.3997939453182419,1.7414047436417224,1.0,
规划视角
-0.8999999761581421,1.6100000143051147,2.799999952316284,0.4663060752346551,2.8305943757405365,1.0,
规划视角
0.93431459889262,1.6100000143051147,2.799999952316284,0.20378700707008895,-3.0813261082595718,1.0,
1.7999999523162842,1.809999942779541,2.299999952316284,0.27053918317432163,-2.215747105759019,1.0,
规划视角
2.199999952316284,3.009999942779542,0.9241911252423116,0.7000244875724508,-2.230297559839482,1.0,
1.899999976158142,3.4100000858306885,-0.20000000298023224,0.9004994909650266,-1.4659193852069057,1.0,
规划视角
2.700000047683716,1.409999966621399,1.399999976158142,0.13399933199114458,-2.0491487439973146,1.0,
规划视角
2.4721568158262484,2.837843198478867,0.19999997615814225,0.6377135822571471,-1.6515215254955422,1.0,
1.600000023841858,3.7100000381469727,-0.10000000149011612,1.036607365371956,-1.5083775167989393,1.0,
规划视角
2.400000023841858,2.475582372887148,1.1344176637697072,0.5073300126469229,-1.7505457760012104,1.0,
2.299999952316284,1.809999942779541,2.0999999046325684,0.25443860433703785,-2.5725705862802997,1.0,
规划视角
2.8999999523162847,0.6720546594787091,0.7620546213317365,-0.10893847143731122,-1.5659648254396423,1.0,
3.0,0.5099999904632568,-0.4000000059604645,-0.16050783112080608,-1.4382447925461055,1.0,
