规划视角
0.6000000000000005,0.81,-3.0999999999999996,-0.060101134338360174,-0.452983847396164,
规划视角
-0.5,1.7100000000000002,-3.0999999999999996,0.4841701527040112,0.15991312315821926,
规划视角
1.1717288085254205,2.2056733204738332,-2.4243047929767587,0.4209975664239824,-0.7120187953920083,1.0,
2.1000000000000005,2.11,-2.0,0.6273547259207752,-0.809783572570167,
规划视角
2.7364421494657716,1.3576991173779243,-0.8352962277120842,0.12437663389577014,-1.2745309206627833,1.0,
3.0,0.81,0.20000000000000018,0.19869024443308153,-1.3755651027715712,
规划视角
2.9000000000000004,0.51,-0.7000000000000002,0.09900456332611765,-1.3339475658479762,
规划视角
3.3000000000000007,0.81,0.20000000000000018,0.20439222699795478,-1.6313283465770039,
规划视角
3.0999999999999996,0.41000000000000003,1.3000000000000007,0.08805463619511142,-1.7060763842207298,
规划视角
1.7000000000000002,1.01,3.0999999999999996,0.26462780738145947,-2.901787987199822,
规划视角
-0.7999999999999998,1.9100000000000001,3.0,0.5469059035265952,3.1427896496416015,
规划视角
-1.6999999999999997,3.11,1.5,1.011309110556652,2.5555750679955374,
规划视角
-1.8454480286293606,1.860453411467987,2.440722268286721,0.5359259562718558,2.494194290132677,1.0,
-1.9,0.6100000000000001,2.6000000000000005,0.14127767539196348,2.2487138783193146,
规划视角
-3.0,0.31000000000000005,1.3000000000000007,0.05381344115663503,1.9797041557458221,
规划视角
-3.2,0.31000000000000005,-0.09999999999999964,0.04952645524300206,1.5395564933646284,
规划视角
-3.0999999999999996,0.6100000000000001,2.0,0.15647583721581707,1.8819630818844535,
规划视角
-3.0,0.51,-1.9,0.1246781797390798,1.2680263209259457,
规划视角
-1.9,0.41000000000000003,3.0,0.09715564323836762,2.577023259921693,
规划视角
-1.2768826211398658,0.8894100010365543,-2.793643425034023,-0.0359882128056907,0.428715399848293,1.0,
-0.39999999999999947,1.01,-3.3,0.26480766291241586,0.382423056379252,
规划视角
-2.0999999999999996,1.01,2.6000000000000005,0.26479146033259826,2.462178848181945,
规划视角
-2.8,0.6100000000000001,2.5,0.15827238233435215,2.037851665448378,
规划视角
-3.0,0.51,2.1000000000000005,0.1287816265334303,1.919722903384956,
