规划视角
-1.917157287525381,1.2,-3.0,0.31791599057027425,0.830440062919255,1.0,
-2.9000000953674316,1.6100000143051147,-2.5999999046325684,0.41715371317104544,0.5780902664152247,1.0,
规划视角
-3.658630284234653,1.2100000143051148,-1.0413697157653474,0.05514981332080446,1.2934959238325718,1.0,
-4.0,0.9100000262260437,0.10000000149011612,0.23931021447344825,1.3339917329869637,1.0,
规划视角
-2.0,1.0099999904632568,2.299999952316284,0.00328087871242827,2.425849053655312,1.0,
规划视角
0.4000000059604645,0.3100000023841858,2.9000000953674316,-0.23147475034917092,-3.0045264817138677,1.0,
规划视角
1.701503279597535,1.6115032760212562,2.3984968217303604,0.466820257951463,-2.5245831124080755,1.0,
2.200000047683716,2.309999942779541,1.600000023841858,0.7105909743958791,-2.199592609988457,1.0,
规划视角
2.200000047683716,3.1099999427795417,-0.06862912625966587,0.7642765526552373,-1.8014107709400473,1.0,
1.899999976158142,3.009999990463257,-1.2999999523162842,0.7177461960055731,-0.9707461246393027,1.0,
规划视角
2.899999976158143,1.6149158999538211,-0.6999999523162843,0.20327345887094084,-1.595746967309314,1.0,
3.0,0.4099999964237213,-0.30000001192092896,-0.1932485396839509,-1.4711276703694347,1.0,
规划视角
2.5999999999999996,0.4099999964237213,1.5343145631298325,-0.19299895851293264,-1.8421207898549412,1.0,
2.299999952316284,0.3100000023841858,2.5999999046325684,-0.1962146756759126,-2.679142032726485,1.0,
规划视角
2.9000000953674316,0.5099999904632568,0.6000000238418579,-0.1639756020795951,-1.7748143077467302,1.0,
规划视角
2.5000000953674313,0.5099999904632568,2.4343145988926196,-0.13951316990170887,-2.3428832968572917,1.0,
2.200000047683716,0.4099999964237213,3.5,-0.14176140989545832,-2.8422286193350548,1.0,
规划视角
2.566221738340176,1.176221687080181,1.933778309343539,0.05478726790030261,-1.954766655809953,1.0,
2.9000000953674316,1.5099999904632568,0.800000011920929,0.1679330585617365,-1.578164427171144,1.0,
规划视角
1.9034761683039088,2.90652391752678,1.4000000119209288,0.6789117406156042,-2.204950378541622,1.0,
0.8999999761581421,3.7100000381469727,1.100000023841858,1.0877784066299576,-2.4558631662893067,1.0,
规划视角
-0.7485281612657153,3.7100000381469727,1.948528161265715,0.9144655935929172,3.0366232054703532,1.0,
-1.7999999523162842,3.509999990463257,2.299999952316284,0.9717297850734574,2.215747105759019,1.0,
