规划视角
-2.0,2.61,-2.0999999999999996,0.5940721412317554,0.9355456794241628,1.0,
规划视角
-1.2999999999999998,2.41,-2.4,0.5640931031659449,0.32188982820544887,1.0,
规划视角
1.4000000000000004,3.11,-2.1999999999999997,0.680294191015725,-0.47946275492379,1.0,
规划视角
1.9000000000000004,3.31,-2.1999999999999997,0.7587453636617628,-0.5378246728948962,1.0,
规划视角
0.3000000000000007,3.91,-1.0999999999999996,1.1973676919368008,-0.17898558655120955,1.0,
规划视角
1.0,3.61,-1.6999999999999997,0.8364074811800567,-0.4444576046590891,1.0,
规划视角
1.5,3.61,-2.0999999999999996,0.7037768203930401,-0.7075159485825381,1.0,
规划视角
-0.5999999999999996,3.91,-0.7999999999999998,1.1525298305180292,0.8180340339927172,1.0,
规划视角
0.3000000000000007,3.01,-2.8,0.7071756562959483,-0.28126859784856884,1.0,
规划视角
-1.1999999999999997,3.71,-0.7999999999999998,1.1690001620339874,0.8082607980478961,1.0,
规划视角
0.7000000000000002,3.21,-2.3,0.8306096372253852,-0.2954408371437201,1.0,
规划视角
0.5,3.51,-2.0,0.8831804783924008,-0.24497866312686414,1.0,
规划视角
0.10000000000000053,2.31,-2.6999999999999997,0.45145654706193294,0.13751280932550272,1.0,
规划视角
0.40000000000000036,3.91,-2.0999999999999996,0.8499422409413391,-0.18822150530477094,1.0,
规划视角
1.5,2.41,-2.3,0.4743826318151674,-0.4906354743625292,1.0,
规划视角
1.6000000000000005,2.81,-2.5,0.547597514689608,-0.48204672850094554,1.0,
规划视角
2.791401222193707,1.6185987778062938,-3.4914012221937067,0.22477894377370894,-0.49990759797612705,1.0,
3.3000000000000007,0.6100000000000001,-3.5999999999999996,0.007577212584316581,-0.5674143428064846,1.0,
规划视角
1.7000000000000002,2.41,-3.0999999999999996,0.4667450250907028,-0.5016040541891206,1.0,
规划视角
0.6000000000000005,2.31,-3.5999999999999996,0.43188138237974616,-0.33968160261405994,1.0,
规划视角
2.2,2.11,-2.5999999999999996,0.40231869385328034,-0.5277240063095742,1.0,
规划视角
1.4000000000000004,2.11,-2.8,0.4280125043623653,-0.2891146838013733,1.0,
规划视角
1.4000000000000004,2.01,-3.7,0.24996803301122156,-0.18719631632049935,1.0,
