规划视角
-1.9,2.81,-3.0999999999999996,0.5491598307393062,0.724386107876018,1.0,
规划视角
-2.5999999999999996,0.81,-1.6999999999999997,-0.14835352833983112,0.8171891322277328,1.0,
规划视角
-2.6999999999999997,1.61,-1.4,0.2852069288820156,1.1797103580159556,1.0,
规划视角
-3.0999999999999996,1.2100000000000002,-0.5999999999999996,0.1536763288747542,1.2923454045981657,1.0,
规划视角
-3.0,1.01,0.0,0.0033333209877366293,1.5707963267948966,1.0,
规划视角
-2.450667464015309,2.3593325359846906,1.1493325359846907,0.5526667260276442,2.0093276277018877,1.0,
-1.7999999999999998,3.21,1.1000000000000005,0.8959264636505883,2.2938786544448577,1.0,
规划视角
0.20000000000000018,3.01,2.6000000000000005,0.7439470982351193,-3.239353687519448,1.0,
规划视角
0.9000000000000004,0.6100000000000001,2.9000000000000004,-0.12774029040403295,-3.015205344428801,1.0,
规划视角
1.9000000000000004,0.6100000000000001,2.6000000000000005,-0.03325524980746944,-2.510513266118464,1.0,
规划视角
3.4000000000000004,0.81,0.8000000000000007,0.032923179498943085,-1.8018869939907938,1.0,
规划视角
3.0999999999999996,0.7100000000000001,0.40000000000000036,-0.09251437232216878,-1.6118530918809753,1.0,
规划视角
3.0999999999999996,0.6100000000000001,0.40000000000000036,-0.03686408670209759,-1.6991195544806916,1.0,
规划视角
3.0,1.01,0.10000000000000053,0.003331470698214503,-1.604117322673144,1.0,
规划视角
3.0999999999999996,0.51,0.8000000000000007,-0.06460530730671472,-1.9106170651726728,1.0,
规划视角
1.9686291501015232,0.51,2.331370849898476,-0.15922482217487385,-2.4403537665017963,1.0,
1.5,0.51,3.3000000000000007,-0.04709474626849665,-2.8022316230626334,1.0,
规划视角
2.1000000000000005,2.31,1.7000000000000002,0.5387230096616492,-2.3385840140618273,1.0,
规划视角
2.8000000000000007,2.51,0.10000000000000053,0.5815803105174128,-1.6064954394742208,1.0,
规划视角
2.8000000000000007,1.7100000000000002,-0.8999999999999995,0.32414161753138143,-1.3470645087890722,1.0,
规划视角
1.6877586219651843,2.910000000000001,-1.6999999999999993,0.7603715838035161,-0.6072518388612826,1.0,
0.6000000000000005,3.31,-1.9,0.9463289199882937,-0.48041179660428535,1.0,
规划视角
2.3000000000000007,2.61,-1.0999999999999996,0.6505219649430926,-1.1246907778514932,1.0,
