规划视角
0.5,2.11,-2.8,0.45934404098968784,-0.002175930870603665,1.0,
规划视角
2.0,2.01,-2.1999999999999997,0.4147358169062321,-0.563282134921032,1.0,
规划视角
1.7000000000000002,2.31,-2.4,0.5062995977624761,-0.4417640121966384,1.0,
规划视角
0.0,0.81,-3.0,0.02401760506664327,0.08726646259971646,1.0,
规划视角
-0.2999999999999998,2.21,-2.8,0.49309746237376056,0.194002135248852,1.0,
规划视角
-2.1999999999999997,1.7100000000000002,-2.0,0.3216753946137321,1.0075141918738646,1.0,
规划视角
-2.6999999999999997,2.31,-0.8999999999999995,0.518642121735874,1.2490457723982547,1.0,
规划视角
-2.9,0.81,1.2000000000000002,0.026801224550899415,1.7886035458109795,1.0,
规划视角
-0.7999999999999998,0.91,3.0,0.05828752910011348,2.8809902618424523,1.0,
规划视角
-1.5,0.6100000000000001,2.9000000000000004,-0.031620195248984906,2.8387801964155543,1.0,
规划视角
-1.5999999999999996,0.51,3.0,-0.05586566753947762,2.4771024021366324,1.0,
规划视角
0.0,1.81,2.9000000000000004,0.3596355342014432,3.141592653589793,1.0,
规划视角
1.6621578069082297,1.8100000000000003,2.4378421930917704,0.26792320154038307,-2.7177087364099077,1.0,
2.5,1.51,1.6000000000000005,0.1701617721499356,-1.9655765926961257,1.0,
规划视角
1.9000000000000004,2.51,1.8000000000000007,0.6105584896433144,-2.1546411158056475,1.0,
规划视角
2.5,2.51,0.7000000000000002,0.6140692882057215,-1.8438050298816073,1.0,
规划视角
1.2000000000000002,3.91,0.20000000000000018,1.2620856508289735,-1.5614120790100905,1.0,
规划视角
-0.39999999999999947,4.11,0.40000000000000036,1.4781374283704911,2.356194490192346,1.0,
规划视角
-0.5,4.11,-0.09999999999999964,1.4955530495468288,1.5479336921444495,1.0,
规划视角
-1.7281019060081608,3.2818980939918383,-1.3281019060081607,0.8083476979769443,0.9155397463208981,1.0,
-2.0999999999999996,2.41,-1.6999999999999997,0.5682522140758663,0.7157421769282493,1.0,
规划视角
-1.1999999999999997,0.51,-3.5,-0.04439980080640664,0.5048302800286866,1.0,
规划视角
-0.1999999999999993,0.6100000000000001,-3.3,-0.030156233805774688,0.23506494498153988,1.0,
