规划视角
-1.0999999999999996,0.31000000000000005,-3.2,0.06064352870644235,0.8546948523024308,
规划视角
-2.9,1.11,-1.6999999999999997,0.2945107418491753,1.0405805540182667,
规划视角
-3.2,0.7100000000000001,1.0,0.17551441274858787,1.873681195169868,
规划视角
-2.4,2.11,1.5,0.6355629149276234,2.129395642138459,
规划视角
-2.9,2.11,0.10000000000000053,0.6271564046836235,1.6052654277944047,
规划视角
-2.1999999999999997,3.01,-0.5,0.9895734418362467,1.3473197256542635,
规划视角
0.0,3.71,-1.7999999999999998,1.2462981392322576,0.0,
规划视角
2.1000000000000005,3.11,-0.8999999999999995,1.0074590758996924,-1.4277039283089628,
规划视角
3.200000000000001,0.6100000000000001,-1.0,0.1459926354957219,-1.006112070620776,
规划视角
3.0,0.6100000000000001,-0.09999999999999964,0.1325953472265716,-1.5374753309166496,
规划视角
2.3000000000000007,0.81,2.4000000000000004,0.20470411030704314,-2.377467876216406,
规划视角
1.0,0.31000000000000005,3.5999999999999996,0.07918259457050222,-2.8706458032513726,
规划视角
0.40000000000000036,0.41000000000000003,3.0999999999999996,0.07523670725003298,-3.2750688137031476,
规划视角
1.5,0.41000000000000003,2.6000000000000005,0.0677161063557497,-2.8801137192569675,
规划视角
1.1000000000000005,0.41000000000000003,2.8000000000000007,0.06813482715992766,-3.2908578131805077,
规划视角
-0.39999999999999947,0.31000000000000005,3.0999999999999996,0.044533288193136955,3.2750688137031476,
规划视角
-2.5999999999999996,0.7100000000000001,2.1000000000000005,0.17524581435318867,2.512009520001895,
规划视角
-3.2,0.81,0.3000000000000007,0.202752325088836,2.187871883551785,
规划视角
-3.5,0.31000000000000005,-0.5,0.06906055848996967,1.6906986599898823,
规划视角
-1.7999999999999998,0.41000000000000003,-2.4,0.06761100104530637,0.11990233319498556,
规划视角
0.3000000000000007,0.31000000000000005,-3.0,0.0368153672534165,-0.0996686524911623,
规划视角
2.6000000000000005,0.41000000000000003,-2.4,0.09657560567107545,-0.8253768505207385,
规划视角
0.9000000000000004,0.41000000000000003,-3.0999999999999996,0.0810192905256738,-0.2825549524695876,
