规划视角
-0.4,2.6757874763926024,-2.5242125236073973,0.5803742926538329,0.4189578637484155,1.0,
-0.5,3.61,-1.9,0.9255349058938491,0.7809224905693875,1.0,
规划视角
0.5,4.01,-0.2999999999999998,1.3794471000322401,-1.0303768265243127,1.0,
规划视角
-0.8999999999999995,3.91,-0.39999999999999947,1.5062483973523317,1.1525719972156678,1.0,
规划视角
0.7879044135369873,3.91,-0.3999999999999994,1.2759931404140807,-1.1010269537859287,1.0,
2.0,3.41,-0.09999999999999964,1.1392879972115062,-1.520837931072954,1.0,
规划视角
3.200000000000001,1.907056274847715,-0.09999999999999964,0.5378810851818012,-1.8013558811637778,1.0,
3.4000000000000004,0.91,-0.2999999999999998,0.2354373532339567,-2.006387728865455,1.0,
规划视角
2.7,0.31000000000000005,1.4000000000000004,0.038705193937136784,-2.0491487581735544,1.0,
规划视角
2.9000000000000004,0.31000000000000005,0.7000000000000002,0.03450755763140642,-2.3312438633401156,1.0,
规划视角
1.7000000000000002,0.7100000000000001,2.5,-0.0956308805961053,-2.5444159954971157,1.0,
规划视角
0.03137084989847645,0.51,3.1000000000000005,0.10503976120100092,-3.131473370008976,1.0,
-1.1999999999999997,0.6100000000000001,3.0,0.14167851440708168,3.0228856642765773,1.0,
规划视角
-3.3,0.81,1.9000000000000004,0.2119442898804884,2.3549991463105746,1.0,
规划视角
-3.3,0.6100000000000001,-0.1999999999999993,0.14437669139365825,1.7720636948119388,1.0,
规划视角
-2.9,0.91,-1.0,0.23246864020566213,1.2387368592520112,1.0,
规划视角
-4.2,0.41000000000000003,-0.7999999999999998,0.12467026652400032,1.3825748214901261,1.0,
规划视角
-2.8,0.31000000000000005,-1.0,-0.22803550144899593,0.9659729985750438,1.0,
规划视角
-2.1999999999999997,0.91,-2.3,0.23352963101175403,0.7631795980707293,1.0,
规划视角
-0.8139667802008547,0.5239667802008546,-3.4860332197991464,-0.13220199078970857,0.22938401031055644,1.0,
0.40000000000000036,0.41000000000000003,-3.7,0.10457218253686007,-0.10768987083282078,1.0,
规划视角
1.7000000000000002,0.31000000000000005,-2.5999999999999996,0.043228943062931374,-0.3172748815685815,1.0,
规划视角
1.5,0.6100000000000001,-2.9,-0.1188866578487014,-0.47734538237367186,1.0,
