规划视角
-0.4618802153517006,2.6618802153517005,-2.5381197846482992,0.834078493598712,0.4418069210663993,1.0,
-0.699999988079071,3.509999990463257,-1.600000023841858,0.9629035936292037,0.9360092054701823,1.0,
规划视角
-2.1227338916926715,3.087266086849656,-0.5772661202282579,1.0209479955230865,1.043473477804238,1.0,
-2.799999952316284,2.2100000381469727,0.10000000149011612,0.669472493613176,1.6064954406131629,1.0,
规划视角
-2.599999952316284,1.1235781625268146,1.586421877110274,0.04055141689928071,2.11865459713267,1.0,
-1.7000000476837158,0.8100000023841858,2.5,-0.06276386744207302,2.2826165946553747,1.0,
规划视角
0.0,0.8100000023841858,3.0,0.19855053105762976,3.141592653589793,1.0,
规划视角
1.7071796769724488,0.4100000023841858,2.5999999999999996,-0.18746026493088325,-2.822385797277134,1.0,
2.700000047683716,0.3100000023841858,2.299999952316284,-0.19214002799856167,-2.2763644855279153,1.0,
规划视角
1.600000023841858,0.3100000023841858,2.5,-0.22841008389401135,-2.3104800679244155,1.0,
规划视角
-0.699999988079071,0.3100000023841858,3.200000047683716,-0.20760897344453455,3.1880343483571476,1.0,
规划视角
-1.7000000476837158,0.3100000023841858,2.4000000953674316,-0.23043952298313114,2.263496333907141,1.0,
规划视角
-2.4000000953674316,0.3100000023841858,1.899999976158142,-0.2217076680569438,1.9786358592274997,1.0,
规划视角
-0.9413485558188399,0.7100000023841857,2.899999976158143,-0.0948292224221588,2.8277199118849228,1.0,
0.30000001192092896,1.0099999904632568,3.0,0.0033167753069234807,-3.3037233849634804,1.0,
规划视角
1.7999999523162842,0.3100000023841858,2.4000000953674316,-0.2260683837670056,-2.2362921887865026,1.0,
规划视角
2.9313708022147607,0.3100000023841858,0.8686292454689556,-0.22196623217610606,-1.597075885498975,1.0,
3.0999999046325684,0.3100000023841858,-0.30000001192092896,-0.2180241239395495,-1.47432254485302,1.0,
规划视角
3.0,0.3100000023841858,0.800000011920929,-0.21868020284300055,-2.09319811005122,1.0,
规划视角
2.9000000953674316,0.3100000023841858,-1.0,-0.22125120680425553,-1.50053625718585,1.0,
规划视角
1.600000023841858,0.3100000023841858,-2.5999999046325684,-0.22228224469946167,-0.8134543933509503,1.0,
规划视角
-0.4000000059604645,0.3100000023841858,-2.9000000953674316,-0.23147475034917092,0.13706617187592568,1.0,
规划视角
-3.200000047683716,0.3100000023841858,-3.0999999046325684,0.10814950443312096,0.8012698692101604,1.0,
