规划视角
-2.4,0.81,-1.7999999999999998,-0.15051532013278968,0.9272952180016123,1.0,
规划视角
-3.4,2.41,0.20000000000000018,0.4797749242789527,1.4550192243111864,1.0,
规划视角
-1.2999999999999998,3.71,-0.7000000000000002,1.1591995217373985,0.9895884952755988,1.0,
规划视角
0.9000000000000004,3.91,-1.5,0.9422805852903696,-0.6276859628703008,1.0,
规划视角
0.3000000000000007,3.61,-3.0,0.6262618554623093,-0.09966865249116227,1.0,
规划视角
2.0,3.41,-4.0,0.49427531185556073,-0.37638114640108966,1.0,
规划视角
2.9000000000000004,3.81,-2.4,0.6412480522003038,-0.7049264728260017,1.0,
规划视角
1.2313708498984768,3.0099999999999993,-2.4,0.5531210128605704,-0.3867833316329218,1.0,
0.20000000000000018,2.71,-2.5,0.5984212613887557,0.09470293948719556,1.0,
规划视角
1.6000000000000005,3.51,-3.0,0.5486626186455517,-0.6644902514531614,1.0,
规划视角
-0.2999999999999998,3.91,-3.3,0.6333712123783408,0.09065988720074507,1.0,
规划视角
-1.5999999999999996,3.41,-4.5,0.3800609961263279,0.16708256544837416,1.0,
规划视角
-2.3,3.61,-2.0999999999999996,0.6102316386690292,0.6562885176195924,1.0,
规划视角
-2.9,3.51,-0.39999999999999947,0.796040759292345,1.3464636898849927,1.0,
规划视角
-3.2,1.61,1.7000000000000002,0.07951370542374854,1.8845973526518691,1.0,
规划视角
-1.8756843861835406,1.2100000000000002,3.0243156138164595,0.1462076537029438,2.673718017288091,1.0,
-1.2999999999999998,1.01,3.9000000000000004,0.08969897907891376,2.9943750243925837,1.0,
规划视角
1.3000000000000007,0.51,3.200000000000001,-0.14092481062168016,-2.930242909391152,1.0,
规划视角
4.1,0.6100000000000001,2.9000000000000004,-0.0775034924321626,-2.3609491414234394,1.0,
规划视角
1.6000000000000005,0.51,3.3000000000000007,-0.045555676994348385,-2.8646724872366716,1.0,
规划视角
2.3000000000000007,0.6100000000000001,2.0,-0.1272633188512377,-2.373806379063493,1.0,
规划视角
0.8000000000000007,0.51,3.700000000000001,-0.04145912221053892,-3.1031872292098286,1.0,
规划视角
1.349332535984691,1.8593325359846902,2.5506674640153095,0.37670534969560826,-2.7422725401321295,1.0,
1.3000000000000007,2.91,2.1000000000000005,0.7455363465156893,-2.6745516199879584,1.0,
