规划视角
-1.3243156138164593,2.1999999999999997,-2.47568438618354,0.4039065252654867,0.7529982675241371,1.0,
-2.200000047683716,2.4100000858306885,-1.600000023841858,0.4782009542387456,1.2037994314004858,1.0,
规划视角
-0.6686291977852403,3.541370935729165,-1.600000023841858,1.233817982090938,0.9194345696021318,1.0,
0.5,3.609999895095825,-1.399999976158142,0.7912445725977078,-0.08122455801563944,1.0,
规划视角
1.959434587428055,3.3505653076677695,-0.340565388730087,0.8685713789947448,-1.3987074826501849,1.0,
2.700000047683716,2.509999990463257,0.30000001192092896,0.7691142066527445,-1.6814535503917452,1.0,
规划视角
2.4000000953674316,1.1100000143051147,1.7999999523162842,0.2984496397895119,-2.2142974037990375,1.0,
规划视角
0.20000000298023224,0.5099999904632568,3.0,0.10024807091318952,-2.8132251010258047,1.0,
规划视角
-1.7000000476837158,0.3100000023841858,2.4000000953674316,-0.49223891078228055,2.52529572170629,1.0,
规划视角
-3.031370897582192,0.3100000023841858,1.0686292454689559,0.050337340538163716,1.9097174133943156,1.0,
-3.299999952316284,0.3100000023841858,-0.10000000149011612,-0.4678288133443176,1.5405025659875202,1.0,
规划视角
-2.798496678679213,1.6115032760212562,1.2015032721469545,0.4599523198895953,1.9763362494769934,1.0,
-2.0,2.009999990463257,2.0,0.3429761049473374,2.0943951023931957,1.0,
规划视角
-3.000000000000001,1.209999990463257,0.6877586219651837,0.32992378315656334,1.796155010314412,1.0,
-3.0,0.8100000023841858,-0.5,0.19940885301119599,1.40564764938027,1.0,
规划视角
-1.5,2.009999990463257,-2.4000000953674316,0.3427783266482702,0.8203986852836429,1.0,
规划视角
-2.2828942575791498,2.8099999904632575,-1.0171058377882818,0.626800267590828,1.4134623464656593,1.0,
-2.299999952316284,2.9100000858306885,0.30000001192092896,0.6888827430049402,1.70049887170606,1.0,
规划视角
-1.600000023841858,1.5099999904632568,2.5,0.17016176830640986,2.5722794557235646,1.0,
规划视角
-2.200000047683716,2.509999990463257,1.399999976158142,0.5248790436025463,1.8757261389884758,1.0,
规划视角
-1.5351974578611,1.245197400640641,2.664802565980758,0.07956066668461093,2.6189307634206154,1.0,
-0.8999999761581421,0.3100000023841858,2.799999952316284,-0.23043953493485397,2.8305943757405365,1.0,
规划视角
-1.7705631421193626,1.780563168345406,2.329436786355063,0.2607014520912792,2.2298707943053238,1.0,
-2.0999999046325684,2.7100000381469727,1.5,0.5851899761164192,1.9292464464577208,1.0,
