规划视角
0.6000000000000005,2.11,-2.8,0.5443292062231215,-0.3856262584221797,
规划视角
0.5,1.7100000000000002,-3.0,0.4038722380576525,-0.3396816026140598,
规划视角
0.0,1.2100000000000002,-3.0,0.2444189268340755,-0.17453292519943295,
规划视角
-1.0,1.81,-2.8,0.44051057128314164,0.1684910152212705,
规划视角
-1.5999999999999996,3.11,-1.5,0.9406056048239301,0.6431121206332692,
规划视角
-2.064533404837687,1.6000588963991316,-1.81673516810289,0.38936429582012816,1.0236892043783272,1.0,
-1.9,0.31000000000000005,-2.3,-0.052758904968310094,1.039512307453558,
规划视角
-2.9,1.4100000000000001,-0.7999999999999998,0.309986983242654,1.1270959088097632,
规划视角
-2.5999999999999996,1.11,1.7000000000000002,0.2099283890827198,1.9753376709631947,
规划视角
-2.1999999999999997,0.41000000000000003,2.0,-0.021360717676062874,1.9595455365164955,
规划视角
-0.5316319414840355,0.6262786785350287,2.8361867256160624,0.04573656907416562,2.9562968413549635,1.0,
0.5,0.7100000000000001,3.0,0.07946892124253567,-3.150976901374599,
规划视角
-0.1999999999999993,0.31000000000000005,3.0999999999999996,-0.044037519536785086,3.2516987393636727,
规划视角
1.5097320697608567,0.5340847426137352,2.4896629470273988,0.01586056071821626,-2.4219474952953393,1.0,
2.5,0.41000000000000003,1.9000000000000004,-0.011195884824025476,-2.395199701406277,
