规划视角
-1.6172088326299119,1.5999999999999999,-2.582791167370088,0.10714093345859936,0.7339571504742647,1.0,
-2.6999999999999997,1.7100000000000002,-2.0,0.12097603038690634,1.0205139912559202,1.0,
规划视角
-3.0,3.61,0.0,0.8032575770160166,1.3962634015954636,1.0,
规划视角
-1.0,3.81,1.1000000000000005,1.1714527364006895,2.4037775934693286,1.0,
规划视角
1.3000000000000007,2.91,2.2,0.7291276438105171,-2.4333515367510987,1.0,
规划视角
2.1449910606799314,1.465008939320069,2.8449910606799316,0.21704349896944125,-2.5828325444121725,1.0,
2.5,0.51,3.0999999999999996,-0.03515771072160963,-2.637463088040913,1.0,
规划视角
1.6000000000000005,2.91,3.200000000000001,0.5776346906873734,-2.503412119389554,1.0,
规划视角
0.20000000000000018,3.61,1.9000000000000004,0.9389207538880757,-2.949449252259843,1.0,
规划视角
2.2,3.51,0.20000000000000018,0.7618138987271141,-1.7487226765953583,1.0,
规划视角
1.9000000000000004,3.31,-2.6999999999999997,0.6105103784417132,-0.525940886274793,1.0,
规划视角
-0.39999999999999947,2.91,-4.2,0.5123745760547634,0.26948463154218916,1.0,
规划视角
1.0,3.51,-2.6999999999999997,0.8042579194644166,-0.5292385772103733,1.0,
规划视角
0.10000000000000053,3.61,-2.6999999999999997,0.7681081339032669,-0.037020115873930226,1.0,
规划视角
1.8000000000000007,3.81,-0.8999999999999995,0.9492947267338703,-1.1944151803938072,1.0,
规划视角
2.4000000000000012,3.4099999999999997,0.7243369644978304,0.8529550096000118,-2.038443081861074,1.0,
2.6000000000000005,3.31,1.7000000000000002,0.5521359068320414,-2.32440352136206,1.0,
规划视角
3.8000000000000016,1.9341911729260273,1.3000000000000003,0.3158073186187416,-2.074953659415072,1.0,
4.1,0.91,1.0,0.06594363853549266,-1.9845608519579903,1.0,
规划视角
2.7,2.91,1.2000000000000002,0.661132899937628,-2.076287118973842,1.0,
规划视角
2.5,2.61,1.1000000000000005,0.61990205235399,-1.9853032013796827,1.0,
规划视角
3.200000000000001,2.81,2.3000000000000007,0.34329123353455926,-2.1939956567289625,1.0,
规划视角
3.4000000000000004,2.71,3.0,0.2733653347428843,-2.1192427549969546,1.0,
