规划视角
-1.7999999999999998,2.91,-2.8,0.695467830904482,0.9204033302324928,
规划视角
-2.5,2.81,-0.2999999999999998,0.7977934623634149,1.2768344755771253,
规划视角
-3.0999999999999996,1.11,-0.09999999999999964,0.20998349039742337,1.7130823695590758,
规划视角
-2.9,1.31,1.5,0.26919654460382897,2.3972075595674345,
规划视角
-2.3,0.31000000000000005,2.4000000000000004,-0.3791981648124231,2.2029349510169736,
规划视角
-1.4,0.31000000000000005,2.7,-0.048561268662579704,3.0123060726100017,
规划视角
0.40000000000000036,1.2100000000000002,3.0,0.24380784797850655,-3.183574046492552,
规划视角
1.4000000000000004,2.81,2.0,0.8125104298235719,-2.5308666892005847,
规划视角
2.416442919463368,1.541113591186082,1.6205734653686235,0.35841087462876026,-2.336080490152817,1.0,
2.9000000000000004,0.51,1.5,0.025566544726769724,-1.8736087839691355,
规划视角
3.4000000000000004,0.31000000000000005,0.6000000000000005,-0.022721413350697356,-1.7454685258031364,
规划视角
3.0057575252138675,2.0111235433467685,0.8226734924700811,0.4882782339711089,-1.8379528118826256,1.0,
2.6000000000000005,3.01,0.9000000000000004,0.8054673811999489,-1.9040406279065691,
规划视角
1.2000000000000002,2.51,2.3000000000000007,0.7016584573011608,-2.8352382985938904,
规划视角
1.5,3.61,0.40000000000000036,1.2087450344269486,-1.8313987185422378,
规划视角
2.2,2.51,1.4000000000000004,0.6994119761021498,-2.3120584695178357,
规划视角
2.4000000000000004,0.6100000000000001,2.4000000000000004,0.06012980559420347,-2.356194490192345,
规划视角
2.7,0.41000000000000003,1.9000000000000004,-0.0023061925981705256,-2.358536600868839,
规划视角
2.6000000000000005,0.31000000000000005,1.5,-0.051414202508662354,-2.268607574126305,
规划视角
0.8000000000000007,0.41000000000000003,3.0,-0.013254312948476399,-3.055523187041885,
规划视角
-0.7999999999999998,0.7100000000000001,2.9000000000000004,0.07843061633267372,2.872425160804093,
规划视角
-0.7999999999999998,0.31000000000000005,3.0,-0.04414727858482881,2.7064573366430196,
规划视角
-2.5,1.2100000000000002,1.8000000000000007,0.24259650979276975,2.1948193797716535,
