规划视角
-0.2,2.8378937381963016,-3.2378937381963016,0.7772528182299798,0.3234895604640945,1.0,
-0.5,3.9000000953674316,-3.5,0.9487628543399065,0.6654958302024627,1.0,
规划视角
-1.399999976158142,1.7999999523162842,-2.5999999046325684,0.5263630879515231,0.49394137712205566,1.0,
规划视角
0.6914012221937059,2.7085988731737247,-2.5085987778062933,0.581011004475682,-0.26893557345370966,1.0,
1.600000023841858,2.200000047683716,-2.299999952316284,0.40466109049042104,-0.607802012818447,1.0,
规划视角
2.8759311921976396,1.124068879327935,-1.4240687839605033,0.3004405438011023,-1.11102187162515,1.0,
3.5,0.6000000238418579,-0.800000011920929,0.1508445677400105,-1.3460851551433841,1.0,
规划视角
3.0,0.8999999761581421,-0.20000000298023224,0.22855213031462113,-1.5042281620300577,1.0,
规划视角
2.613966780200854,2.0860331959572873,1.1860332168189132,0.6235030494074412,-1.996747178032368,1.0,
1.7999999523162842,2.5,2.0,0.7703600978491474,-2.1469781771764342,1.0,
规划视角
0.5351973624936688,3.764802589822617,1.3351974101773845,1.0910578334890553,-3.0221637800080243,1.0,
-0.5,3.9000000953674316,0.699999988079071,1.2824323962890676,2.7831425473514395,1.0,
规划视角
-2.1485281374238565,3.051471957943574,0.699999988079071,0.7371394897757604,1.8857556344006567,1.0,
-2.799999952316284,2.0999999046325684,0.10000000149011612,0.3741167330940662,1.6064954406131629,1.0,
规划视角
-3.0,0.30000001192092896,0.0,0.03256745829062477,1.832595714594046,1.0,
规划视角
-2.4792635493290796,0.5000000119209289,1.72073645067092,-0.1641870338601858,2.177518805956945,1.0,
-1.7000000476837158,0.8999999761581421,2.5,0.22873437533367494,2.544415982454524,1.0,
规划视角
0.10000000149011612,0.30000001192092896,3.0,0.032690295884524156,-3.108271657215392,1.0,
规划视角
1.4860332212892615,1.4860332317200742,2.613966780200854,0.16025611979393647,-2.362859621833067,1.0,
2.200000047683716,2.0,1.7999999523162842,0.3382763888269054,-2.256525814095383,1.0,
规划视角
0.6000000238418579,1.899999976158142,2.799999952316284,0.5663174745071439,-2.930499308736872,1.0,
规划视角
-1.399999976158142,0.30000001192092896,2.5999999046325684,-0.23275370472791984,2.647651276467738,1.0,
规划视角
-0.5,0.4000000059604645,2.9000000953674316,0.060667897271238835,2.970857447620713,1.0,
规划视角
-2.0999999046325684,1.100000023841858,2.200000047683716,0.29466735253350546,2.1176467587111345,1.0,
