规划视角
-1.3243156138164593,2.1999999999999997,-2.47568438618354,0.4039065252654867,1.0147976553232865,1.0,
-2.3,2.41,-1.7999999999999998,0.18797335052600117,1.4303489395665108,1.0,
规划视角
-2.9,0.51,-1.4,0.11079551919132638,1.3828361015242072,1.0,
规划视角
-2.8,0.51,-1.0,-0.16333661995321247,1.4895717741733427,1.0,
规划视角
-2.5999999999999996,0.31000000000000005,-1.4,0.03225437330724587,1.3386543456744648,1.0,
规划视角
-3.2,1.4100000000000001,0.3000000000000007,0.38867974344410644,1.6642731079534863,1.0,
规划视角
-2.1718980939918384,2.4381019060081615,1.5281019060081613,0.7581200369109504,2.4457196610368603,1.0,
-1.2999999999999998,2.81,2.1000000000000005,0.6324328809928306,2.8490845451873916,1.0,
规划视角
0.8000000000000007,1.7100000000000002,3.3000000000000007,0.46792467100804647,-2.641957338333193,1.0,
规划视角
-1.5,1.11,2.6000000000000005,0.2984293095109407,2.8801137192569675,1.0,
规划视角
0.6000000000000005,2.41,2.6000000000000005,0.7479235288015065,-2.6529944177367577,1.0,
规划视角
2.0,0.51,2.3000000000000007,0.10239949416066743,-2.4258490639209134,1.0,
规划视角
3.0,0.31000000000000005,0.5,0.038705193937136756,-1.4741456164103741,1.0,
规划视角
3.0,0.41000000000000003,-0.5,0.07018852046915405,-1.4056476493802699,1.0,
规划视角
2.19642083685446,0.6100000000000001,-2.1035791631455387,0.13425946252735962,-0.8069858961693949,1.0,
1.4000000000000004,0.81,-2.9,0.20286605165616625,-0.7115590008689885,1.0,
规划视角
1.2000000000000004,2.5171067811865475,-2.392893218813452,0.5156003285003394,-0.7266342723436636,1.0,
0.9000000000000004,3.31,-1.6999999999999997,0.8764315780547179,-0.7486986196104187,1.0,
规划视角
-1.5999999999999996,3.21,-1.7999999999999998,0.7424827315762033,0.46484295288257604,1.0,
规划视角
-1.9,3.31,-1.0999999999999996,1.0726168747056521,1.3077999429439386,1.0,
规划视角
-1.0999999999999996,3.71,-1.0999999999999996,1.3114869412657226,0.26179938779914946,1.0,
规划视角
-0.8999999999999995,3.61,1.7000000000000002,1.1974744972273295,2.392894033979375,1.0,
规划视角
-0.7999999999999998,3.51,1.5,1.2372739370800225,3.175234102934364,1.0,
