规划视角
-1.1999999999999997,3.21,-2.0999999999999996,0.6530786324703425,0.6936790394459559,1.0,
规划视角
-0.39999999999999947,4.11,0.10000000000000053,1.526255687579056,1.903041452521479,1.0,
规划视角
-2.1999999999999997,3.21,0.7000000000000002,0.850830017296388,1.7043161826192401,1.0,
规划视角
-2.8,0.6100000000000001,1.1000000000000005,-0.12892135085523346,1.857863480202764,1.0,
规划视角
-3.0,0.81,2.9000000000000004,0.041761966253763556,2.4265134229856566,1.0,
规划视角
-0.8999999999999995,0.81,2.9000000000000004,-0.062491692549248454,2.9279388818290846,1.0,
规划视角
-0.5999999999999996,0.51,3.200000000000001,-0.062114699262213594,3.1307776287935316,1.0,
规划视角
1.8000000000000007,1.11,2.4000000000000004,0.12391671041012814,-2.6726244699959416,1.0,
规划视角
2.9899494936611677,1.11,1.0100505063388343,0.12210719208338877,-1.8965751592285303,1.0,
3.0999999999999996,0.81,0.0,0.026052713277721226,-1.658062789394613,1.0,
规划视角
2.2,0.81,-2.4,0.028974540672613576,-0.7419472680059175,1.0,
规划视角
-0.2999999999999998,0.51,-3.4,-0.055319216493230225,0.0007409109280242382,1.0,
规划视角
-0.5,0.51,-3.5,-0.050449190635265775,0.2291635172038804,1.0,
规划视角
-0.7,2.115061701062367,-2.6999999999999993,0.46757367566677366,0.16640763353892632,1.0,
-0.5999999999999996,3.11,-2.0999999999999996,0.8554254400685619,0.3655661216048277,1.0,
规划视角
-3.0,1.7100000000000002,-1.6999999999999997,0.2903336463533102,1.0552473193359175,1.0,
规划视角
-3.5,0.91,-1.1999999999999997,0.06294693391968872,1.415031897165076,1.0,
规划视角
-3.2,0.91,0.8000000000000007,0.059987972917850324,1.815774989921761,1.0,
规划视角
-1.9,0.7100000000000001,3.0999999999999996,0.007675479863074777,2.679005933512925,1.0,
规划视角
0.20000000000000018,2.11,2.9000000000000004,0.4520304501132171,-3.0727361642887487,1.0,
规划视角
1.7000515451045306,2.5100000000000002,1.9999484548954691,0.6093002316214263,-2.5243373716403616,1.0,
2.6000000000000005,2.21,1.2000000000000002,0.48706038827501325,-2.090470564965151,1.0,
规划视角
3.0,2.01,0.3000000000000007,0.41051253861377884,-1.7577314418857752,1.0,
