规划视角
-1.3015032736370704,2.30150327363707,-2.498496726362929,0.5200473007029328,0.39297244362050343,1.0,
-2.0999999999999996,2.61,-1.6999999999999997,0.6246567515718437,0.8030086395279658,1.0,
规划视角
-2.7,2.4099999999999997,-0.012095586463013674,0.5685292761787226,1.4790500473253894,1.0,
-2.9,2.01,1.0,0.4053380586387215,2.077388719537215,1.0,
规划视角
-1.2999999999999998,4.01,0.6000000000000005,1.1267972985106132,1.828671177166002,1.0,
规划视角
0.40000000000000036,4.01,0.40000000000000036,1.472294301173873,-2.5307274153917776,1.0,
规划视角
1.0000000000000002,3.1548974291737863,1.8551025708262128,0.8837925472883053,-2.4726593721273646,1.0,
0.8000000000000007,2.31,2.7,0.5226841596183274,-2.8535372065391673,1.0,
规划视角
0.7000000000000002,1.2100000000000002,3.5,0.1460335574337596,-3.118730018939345,1.0,
规划视角
2.4000000000000004,0.6100000000000001,2.2,-0.20648594702318818,-2.312743594800814,1.0,
规划视角
2.9000000000000004,2.11,0.3000000000000007,0.4510484633971011,-1.673877935317597,1.0,
规划视角
3.0,0.7100000000000001,-0.7999999999999998,-0.09313250664166352,-1.1356610098481228,1.0,
规划视角
2.8845299461620746,0.8254700538379252,1.1154700538379254,0.03089336200924668,-1.9397916028536273,1.0,
2.3000000000000007,1.01,2.0,0.003280881802566582,-2.4610728416632095,1.0,
规划视角
0.20000000000000018,0.7100000000000001,3.3000000000000007,-0.00022742869312138148,-2.9065277086082535,1.0,
规划视角
-1.2999999999999998,0.51,2.8000000000000007,-0.24467983416286399,2.706922438440549,1.0,
规划视角
-3.5999999999999996,0.51,1.1000000000000005,-0.04217578626043257,2.04187506106403,1.0,
规划视角
-3.0,1.11,0.6000000000000005,0.12320560611338055,1.5936589614453445,1.0,
规划视角
-2.6617960425484744,2.4482039574515255,-0.7382039574515248,0.4828835713593095,1.1257294891380374,1.0,
-2.0,3.21,-1.0,0.866801540023514,1.2816816429935234,1.0,
规划视角
-0.3313708498984763,4.010000000000001,-1.0,1.234129319023934,0.23271681807073277,1.0,
0.7000000000000002,4.21,-1.0,1.1201499754530884,-0.4361930391897758,1.0,
规划视角
0.3000000000000002,4.01,0.7707471260116054,1.3026389727750305,-2.857669199447744,1.0,
-0.09999999999999964,3.61,1.8000000000000007,1.0535931274728212,3.173360610943793,1.0,
