规划视角
-2.5,1.51,-2.1999999999999997,0.4137642465988014,1.3727402515284344,1.0,
规划视角
-3.0999999999999996,0.41000000000000003,0.0,0.07372611848499164,1.5707963267948966,1.0,
规划视角
-2.3,0.81,2.2,0.2021736482370055,2.333975924865626,1.0,
规划视角
-1.0206333604618583,2.0893666395381416,2.8000000000000007,0.612244215720468,2.5302491830451244,1.0,
0.0,2.61,2.8000000000000007,0.7836336676135596,3.141592653589793,1.0,
规划视角
2.2,2.51,1.7000000000000002,0.7593368076606084,-2.4904843197762556,1.0,
规划视角
2.8000000000000007,0.51,1.0,0.09846276784593697,-1.6520208794164506,1.0,
规划视角
1.7000000000000002,0.31000000000000005,2.4000000000000004,0.031359856079846454,-2.525295716193722,1.0,
规划视角
-1.0,0.41000000000000003,3.0999999999999996,0.08261054055017691,3.091349919826409,1.0,
规划视角
0.0,0.81,3.3000000000000007,0.2042871245774113,2.879793265790644,1.0,
规划视角
-0.25075163681853496,2.460751636818535,2.6492483631814654,0.7638207869630498,3.047223684051902,1.0,
-0.39999999999999947,3.31,2.0,0.8474830009260201,2.9441970937399127,1.0,
规划视角
-1.7999999999999998,3.51,-0.2999999999999998,1.2039625144939705,1.9292464249785688,1.0,
规划视角
-1.9,3.01,-1.5999999999999996,0.6803228764047948,1.3945022326739518,1.0,
规划视角
-1.6999999999999997,2.11,-2.5999999999999996,0.6049818803538457,0.3172748815685815,1.0,
规划视角
-1.2999999999999998,0.81,-2.6999999999999997,0.19848032431155527,0.7105227318098706,1.0,
规划视角
-1.6999999999999997,2.81,-1.7999999999999998,0.8930631567933465,0.23323572996038944,1.0,
规划视角
-0.03137084989847595,3.2100000000000004,-2.1999999999999997,1.0494142935119177,0.5378572864701464,1.0,
1.2000000000000002,3.11,-2.3,0.682825470146533,0.04271149540296293,1.0,
规划视角
0.40000000000000036,3.11,-2.3,0.7349241798065225,-0.17219081452293916,1.0,
规划视角
-0.39999999999999947,4.11,-0.7000000000000002,1.5707963267948966,0.7809455020456717,1.0,
规划视角
-2.4,2.41,-1.5,0.7240051619850427,1.2739963992504832,1.0,
规划视角
-1.7999999999999998,0.31000000000000005,-2.5,0.04145269586982808,0.3622236651776074,1.0,
