规划视角
-0.5999999999999996,1.7100000000000002,-4.5,0.4169364365523819,0.3943509200958234,1.0,
规划视角
-1.0999999999999996,1.31,-2.8,0.3644844346357604,0.3743336160075838,1.0,
规划视角
-3.0,1.2100000000000002,-1.7999999999999998,0.321751959783623,1.2921762143234616,1.0,
规划视角
-3.4,0.31000000000000005,-0.5,0.0636522998331541,1.4247840690836213,1.0,
规划视角
-3.2,2.21,1.0,0.6081627552679811,1.873681195169868,1.0,
规划视角
-1.8241911729260276,3.410000000000001,1.4,0.8088583381907533,2.2253806635217686,1.0,
-0.7999999999999998,3.61,1.5,1.2552783677674748,2.651635327336065,1.0,
规划视角
1.9000000000000004,3.71,1.2000000000000002,1.140282394323065,-1.6105138126885659,1.0,
规划视角
2.8000000000000007,3.11,-0.7999999999999998,0.8888302444145795,-1.5542960555889347,1.0,
规划视角
3.0999999999999996,1.2100000000000002,-1.5,0.32270250543804463,-1.3819343885134123,1.0,
规划视角
3.7,1.0100000000000002,0.1879044135369865,-0.25910017021349135,-1.6215377107859943,1.0,
3.9000000000000004,0.91,1.3000000000000007,0.2399101929491243,-1.6307474933923896,1.0,
规划视角
1.6000000000000005,0.7100000000000001,2.8000000000000007,0.17211543037581944,-2.3606471515441205,1.0,
规划视角
-0.23431457505076142,0.9100000000000001,3.000000000000001,-0.02989999752766237,3.325445427049364,1.0,
-1.2999999999999998,1.11,2.9000000000000004,0.2963979982575986,2.720173446701989,1.0,
规划视角
-1.1999999999999997,0.7100000000000001,2.9000000000000004,-0.09214004489271022,2.487453121575128,1.0,
规划视角
-2.9,0.51,1.3000000000000007,0.1088213992096786,2.2540149214818506,1.0,
规划视角
-2.9,0.31000000000000005,1.2000000000000002,0.04538998682966977,1.9631364710104124,1.0,
规划视角
-3.0999999999999996,0.6100000000000001,-0.8999999999999995,0.14156439727825904,1.2882413743253092,1.0,
规划视角
-2.8,0.7100000000000001,-1.0999999999999996,0.16569707893239016,1.4582620985864623,1.0,
规划视角
-1.6686291501015238,0.7100000000000001,-2.6313708498984756,-0.09280556386145394,0.5651372304719745,1.0,
-0.5999999999999996,0.6100000000000001,-3.0,0.1350077370540013,0.4591949476490301,1.0,
规划视角
-1.0999999999999996,2.91,-2.0999999999999996,0.678197728083973,0.2207139072233275,1.0,
