规划视角
-0.7999999999999998,3.51,-2.3,1.0623305635988782,0.33473683731681464,1.0,
规划视角
-0.2999999999999998,2.81,-2.4,0.9042391079134335,0.12435499454676135,1.0,
规划视角
-2.5999999999999996,1.51,-2.5,0.4022624442346775,0.5432041064555034,1.0,
规划视角
-2.9,1.4100000000000001,-1.0999999999999996,0.393226707212083,1.2082520895303892,1.0,
规划视角
-2.5,2.11,1.3000000000000007,0.6370571095268773,1.7885162309883438,1.0,
规划视角
-0.39999999999999947,2.51,3.0,0.7245810569274147,3.0090411212931194,1.0,
规划视角
0.7000000000000002,0.51,2.9000000000000004,0.09900456332611765,-2.904743892642873,1.0,
规划视角
2.3000000000000007,1.01,2.1000000000000005,0.0032107954617086043,-2.572570598569917,1.0,
规划视角
3.200000000000001,1.11,0.40000000000000036,0.29589572065399067,-1.695151321341658,1.0,
规划视角
3.0,1.01,-0.39999999999999947,0.2651034687778755,-1.7000441822973722,1.0,
规划视角
3.0999999999999996,1.81,0.40000000000000036,0.5153635680723272,-2.2227183300789903,1.0,
规划视角
3.3000000000000007,0.6100000000000001,0.10000000000000053,0.14421669482630484,-1.601090086713672,1.0,
规划视角
3.200000000000001,0.81,0.3000000000000007,0.20275232508883603,-2.187871883551785,1.0,
规划视角
2.634314575050763,0.81,-1.465685424949237,-0.06294323053330925,-0.8012670661205384,1.0,
2.0,0.6100000000000001,-2.4,0.13760591485341395,-0.9565376639958527,1.0,
规划视角
1.9000000000000004,1.31,-2.5999999999999996,0.3577695259616036,-0.8928787752704788,1.0,
规划视角
1.4000000000000004,0.51,-3.2,0.12242237469884396,-0.4124104415973874,1.0,
规划视角
1.3000000000000007,0.6100000000000001,-3.0,0.14307810131204424,-0.4089078289509256,1.0,
规划视角
2.6000000000000005,1.2100000000000002,-1.5999999999999996,0.33047898614719645,-1.01914134426635,1.0,
规划视角
1.2000000000000002,2.61,-2.3,0.8172351801548496,-0.21908789239618653,1.0,
规划视角
0.0,3.21,-2.4,1.0060061134551135,0.0,1.0,
规划视角
0.0,0.7100000000000001,-3.2,0.17142127010348612,0.0,1.0,
规划视角
-1.9,0.91,-2.6999999999999997,0.23454592334336088,0.6132073488745092,1.0,
