规划视角
1.9000000000000004,1.9100000000000001,-2.4,0.37622969348113217,-0.49510602047720476,1.0,
规划视角
3.200000000000001,0.7100000000000001,-0.1999999999999993,-0.0029366048912007198,-1.3338445915995065,1.0,
规划视角
3.3000000000000007,0.7100000000000001,-0.1999999999999993,-0.00022742869312138148,-1.3357313818133567,1.0,
规划视角
3.200000000000001,0.7100000000000001,1.5,0.005392680340995243,-2.0963993492525708,1.0,
规划视角
2.3000000000000007,2.21,1.6000000000000005,0.49493955075494567,-2.178598322908857,1.0,
规划视角
0.40000000000000036,3.81,1.0,1.292047760031362,-2.935619201676861,1.0,
规划视角
-0.5,3.61,-1.4,1.1403104337866625,0.25575747782098696,1.0,
规划视角
-1.734417665259823,2.5755823347401754,-2.4,0.4889894707530318,0.8003148283610279,1.0,
-2.0999999999999996,1.51,-2.5999999999999996,0.23869446461177535,0.5048808802084154,1.0,
规划视角
-3.0,0.51,-0.7999999999999998,-0.06926090761950425,1.1356610098481228,1.0,
规划视角
-2.9,1.81,-0.09999999999999964,0.3594816237559404,1.4490607631956722,1.0,
规划视角
-2.5999999999999996,2.01,1.2000000000000002,0.4263510910705715,1.8286711771660016,1.0,
规划视角
-1.8617960425484745,3.348203957451526,0.2617960425484753,0.9829197549278967,1.797761642708553,1.0,
-1.1999999999999997,3.71,-0.5,1.210782766242436,1.2632716696948516,1.0,
规划视角
-2.0449910606799304,3.0650089393200686,0.9449910606799306,0.8292052679108559,1.9164007463336594,1.0,
-2.0,2.21,1.9000000000000004,0.5006204888993889,2.417825544270384,1.0,
规划视角
-2.5,0.6100000000000001,3.4000000000000004,-0.00488471426815372,2.5948363965260874,1.0,
规划视角
-1.5,0.6100000000000001,2.9000000000000004,-0.031620195248984906,2.751513733815838,1.0,
规划视角
-0.5999999999999996,1.2100000000000002,3.0999999999999996,0.1536763288747542,3.124941119192212,1.0,
规划视角
0.40000000000000036,0.51,3.0,-0.07324136549160894,-2.834508196093686,1.0,
规划视角
2.6000000000000005,1.11,1.8000000000000007,0.12203749706664752,-2.0890745278001503,1.0,
规划视角
3.200000000000001,0.6100000000000001,1.9000000000000004,-0.01714722530916213,-2.1938740273550765,1.0,
规划视角
3.0,1.7100000000000002,0.10000000000000053,0.319532869981029,-1.778650247872577,1.0,
