规划视角
0.6000000000000001,2.603579163145539,-2.5964208368544606,0.5417075929348119,-0.22710085764239196,1.0,
0.800000011920929,3.509999990463257,-1.7999999523162842,0.9054114945800541,-0.6800237327404006,1.0,
规划视角
-0.43441765333889454,2.4755823252034324,-2.7999999523162846,0.7419192891383897,-0.10787742602089623,1.0,
-1.2999999523162842,1.809999942779541,-2.700000047683716,0.26399187649420347,0.18692393497160936,1.0,
规划视角
-2.5648025421389002,0.7451973529569254,-1.8351974578610994,-0.08061834413176233,0.9497222991648869,1.0,
-3.4000000953674316,0.4099999964237213,-1.100000023841858,0.0981719124214036,1.2578951007815333,1.0,
规划视角
-1.2000000476837158,0.3100000023841858,-2.700000047683716,-0.22941806953087768,0.6800237255714567,1.0,
规划视角
-2.700000047683716,0.9100000262260437,-1.399999976158142,-0.029583175718368104,0.8306445217933294,1.0,
规划视角
-3.100000047683716,0.9100000262260437,0.4343145988926199,-0.028743529074447216,1.70999179744953,1.0,
-2.700000047683716,1.0099999904632568,1.399999976158142,0.003287964728081738,1.7873493561981653,1.0,
规划视角
-1.5,0.4099999964237213,2.5999999046325684,-0.1940832877985652,2.6183143155808866,1.0,
规划视角
-0.20000000298023224,0.9100000262260437,3.0,-0.02992461049061229,2.8132251010258047,1.0,
规划视角
1.355093109143063,1.6650931383493388,2.6449068878767044,0.22017076073185363,-2.92992078374722,1.0,
2.4000000953674316,1.909999966621399,1.899999976158142,0.2889632155109538,-1.9786358592274997,1.0,
规划视角
2.5999999046325684,0.3100000023841858,1.399999976158142,-0.22954502087472345,-2.0647377039169523,1.0,
规划视角
2.0999999046325684,0.9100000262260437,2.200000047683716,-0.029583176328016936,-2.1176467587111345,1.0,
规划视角
-0.10000000149011612,0.5099999904632568,3.0,-0.1618153840295833,2.8464722694162425,1.0,
规划视角
1.600000023841858,0.6100000143051147,2.5999999046325684,-0.12706052994146905,-2.328138260238843,1.0,
规划视角
2.8000000238418585,0.41000001430511473,1.160623628519439,-0.19225022907004546,-1.9637470719761658,1.0,
3.0,0.4099999964237213,0.10000000149011612,-0.19408328258738256,-1.3423179353701487,1.0,
规划视角
2.5999999046325684,0.3100000023841858,2.299999952316284,-0.1962146756759126,-2.0332469476582045,1.0,
规划视角
3.0,0.7099999785423279,-0.30000001192092896,-0.0958919331922638,-1.732927058168584,1.0,
规划视角
2.33784219309177,0.5099999785423279,-1.9621578188291582,-0.15918467119239138,-1.134344721003835,1.0,
1.5,0.4099999964237213,-2.5999999046325684,-0.1940832877985652,-0.5232783380089069,1.0,
