规划视角
-1.6755267368682232,0.7426272592380103,-2.5934290749526547,-0.08316466981636879,0.3990718741254168,
-2.463548204044025,0.4582530004146295,-1.9698651998438088,-0.17009069364030133,1.0708292746780117,
规划视角
-3.7016431721286676,0.6852894856235149,0.07698822247872664,-0.08479692529639193,1.4170587945517503,
规划视角
-3.140988296393155,1.9968240659878724,0.9469719583423841,0.29498605620207524,1.6890852639487735,
-1.824894200293408,2.0612712103017627,2.1864237838704255,0.35670610517668083,2.4460790202773115,
规划视角
-1.824894200293408,2.0612712103017627,2.1864237838704255,0.35670610517668083,2.4460790202773115
0.00487720931091752,0.6107004649263218,2.988415303838276,-0.12953990062377443,-3.314493541577253,
规划视角
-0.2780084705852387,0.7894933120244454,3.100303615868018,-0.06752456808105932,2.8776275538994778,
规划视角
-1.6368862565428104,1.442089278666028,2.6486381929502882,0.141042493247822,2.588035279852246,
0.06243363665318191,3.293566511004399,2.0541785575685076,0.8401734341330692,-3.2857414515527386,
规划视角
-0.957292620991943,3.963958684272598,0.7953758496981516,1.1732433476053516,2.0895400452249215,
-0.9174198506299677,4.086395258975156,-0.2694377238825256,1.2703725320970074,1.1106049138219418,
规划视角
-1.4457527951455331,3.69737556354758,-0.2764804122706431,1.0712621347215638,1.556374353905839,
规划视角
-2.336515990732532,3.1132060763969185,0.385857864216593,0.7285669067989452,1.5599286455994505,
规划视角
-1.457113467501473,2.682933216946531,2.1465654465095625,0.5754457365067175,2.3706961746022586,
规划视角
-1.457113467501473,2.682933216946531,2.1465654465095625,0.5754457365067175,2.3706961746022586,
-1.728814896166989,0.13527782069359728,2.336764566819273,-0.28914908328084826,2.504630419947311,
规划视角
-1.792712501547788,0.1960674147689809,2.3941401664364483,-0.26258298361691385,2.324332322327656,
规划视角
-2.172684524249614,1.688631247610784,2.0143043855992797,0.22837367202085287,2.143852851668644,
-2.8554169839530688,0.19605019688377368,0.6308245604597733,-0.268294991041005,1.7882259400101306,
规划视角
-2.6017500309019432,0.359941928118622,-1.4384895235144244,-0.21205796981383493,0.8912017487967707,
规划视角
-2.4301619245374013,1.848466239768858,-1.7779198124396423,0.27465860344497695,0.7646390884000251,
-1.5098421713262968,3.4075545983191216,-1.1323564696615134,0.9059484122764132,0.7527729573486773,
规划视角
-1.9172661129469917,2.3568465528706106,-2.0049147819174746,0.45490058718825055,0.763054960585314,
-0.9990651589630416,0.5929549216369278,-2.8135007807253927,-0.13549985677099172,0.1666752487702973,
规划视角
0.6988818754337027,0.6593974009551943,-2.9482224570210054,-0.11194289516751042,-0.23275562907731356,
1.970144701657838,0.43652751182090566,-2.5674125852074368,-0.17238659015720442,-0.8290558447815093,
规划视角
1.970144701657838,0.43652751182090566,-2.5674125852074368,-0.17238659015720442,-0.8290558447815093,
3.056376200204441,0.30768517528150374,-0.6224455935910619,-0.21841789328859185,-1.3698890471732197,
规划视角
2.908029448045949,1.7204102165454138,-0.1784747864393038,0.2424039845910265,-1.6840330339794853,
规划视角
2.9750974631448686,1.3597879674031432,-0.19350176969141353,0.12009743410407503,-1.331314401431922,
规划视角
3.068738646656958,0.8558950286099999,0.565483849379503,-0.04614870361521911,-1.753024484016872,
规划视角
3.0271711997177353,2.31463937407987,0.6123126877414916,0.4024290219437365,-1.5958428461241594,
2.03802883285385,3.1457106192789555,0.9226983889109756,0.7645335671575535,-1.8213940708926104,
规划视角
0.5150100135292361,4.216388293238182,0.303930610669974,1.386971131854089,-2.103938026716577,
规划视角
0.9819165035781262,3.7440345358466867,1.6206042121719701,0.9664474584247279,-2.59684963303128,
1.5166539223426463,2.7717185384058802,1.912035774447545,0.6279375066891255,-2.471003113827003,
