2,1,-2.3,
1.5,1.0,-2.6,
1,1,-2.7,
0.5,1,-2.8,
0,1,-2.9,
规划路径
0.0,1.0,-3.0,
-0.23862787042752154,0.8434970619337218,-3.0925395581999866,
-0.5076011528855543,0.8125644471716547,-2.9633244404012826,
-0.8039419069402862,0.8455077627858578,-2.9302050285312644,
-1.0569456720386334,0.9424241410892784,-3.059031696820903,
-1.2858225857392274,0.8636416891463545,-2.8818067447381,
-1.524616160935389,0.7970865410813248,-2.712845090179804,
-1.7509820248346404,0.715397618316353,-2.5337210673390804,
-1.9946845140417948,0.579484954695312,-2.64388841559468,
-2.164160988195593,0.535664192703342,-2.400254539610982,
-2.333637462349391,0.491843430711372,-2.1566206636272836,
-2.463548204044025,0.4582530004146295,-1.9698651998438088,
规划路径
-2.463548204044025,0.4582530004146295,-1.9698651998438088,
-2.4900749781086158,0.7117090068925045,-1.811573118430955,
-2.7136165114417183,0.732547127667394,-1.6125883059510664,
-2.8643218952243386,0.5964385783887486,-1.39176631856712,
-3.0424633433009505,0.6480262261603575,-1.1559605954080752,
-3.167798374583512,0.45486253966977486,-0.9636615570465503,
-3.2982144909250435,0.26694406533706105,-0.7695526092804637,
-3.4160796749160083,0.38916730387015075,-0.5222283719617984,
-3.51639846149516,0.6691410082243714,-0.5616094071115,
-3.5999525497881506,0.6764247320175696,-0.2735718024533034,
-3.683506638081141,0.6837084558107678,0.01446580220489313,
-3.7016431721286676,0.6852894856235149,0.07698822247872664,
规划路径
-3.7016431721286676,0.6852894856235149,0.07698822247872664,
-3.5218918373859527,0.8018296160308263,0.2870069256050417,
-3.342722339447429,0.9348018212927194,0.4875479030541563,
-3.2078247229717913,1.196355743304801,0.42930548767421467,
-3.102200312469707,1.4689383434407077,0.36190956784789624,
-3.121931624792553,1.686517098902276,0.5675066507207166,
-3.143820390889601,1.9094045329982574,0.7671114443526789,
-3.139572249144932,2.0405338324826796,1.0369022153372363,
-3.219553610657828,2.214157058185952,1.2681119843932471,
-2.970035880646802,2.1868043372052033,1.4324066314913613,
-2.6913875421509053,2.2439518251072377,1.527744284493536,
-2.4790188778397453,2.128238216182215,1.7052545972312494,
-2.2381755853271934,2.1035815188589235,1.8824171094307016,
-1.9973322928146418,2.078924821535632,2.059579621630154,
-1.824894200293408,2.0612712103017627,2.1864237838704255,
规划路径
-1.824894200293408,2.0612712103017627,2.1864237838704255,
-1.7011176083925303,2.0476624727854995,2.459359962418849,
-1.5961096251672495,1.796921533074511,2.586254818941127,
-1.360675257891797,1.6207477548729217,2.645697720786382,
-1.1168004156293339,1.7147469407677023,2.792970306024019,
-0.8624434154037796,1.7813101783902607,2.9374412437016715,
-0.8492482918511493,1.497072287238064,3.0324923349514976,
-0.8579570837150294,1.215731155853585,3.136277327775957,
-0.7486945844553659,0.9372257129508994,3.1139967414032674,
-0.4765876734014341,0.8193208532466586,3.0686505947664147,
-0.2044807623475023,0.7014159935424177,3.023304448129562,
0.00487720931091752,0.6107004649263218,2.988415303838276,
规划路径
0.00487720931091752,0.6107004649263218,2.988415303838276,
-0.29080589466380763,0.6608022248640268,2.9805848712182685,
-0.2780084705852387,0.7894933120244454,3.100303615868018,
规划路径
-0.2780084705852387,0.7894933120244454,3.100303615868018,
-0.5711463119688336,0.7284332471083427,3.081813769427129,
-0.846517107405806,0.7868753870560361,2.9781053257075203,
-0.9603123985984117,1.0417753965905725,2.8682116641902002,
-1.2248755040757873,0.902337291129584,2.8919472485650863,
-1.3983381248654756,1.0470934013643893,2.6945735225059635,
-1.4829807187412094,1.3212997925567995,2.6071293326977063,
-1.713839025443611,1.5024840217206423,2.6693926230765794,
-1.5637168264563766,1.7581305354671135,2.6234776431624764,
-1.3519745234652487,1.9623079321791301,2.5645133506125175,
-1.3017640217983466,2.2509829900698266,2.5001268887267987,
-1.0777243346230776,2.4297636969965595,2.411562350670163,
-0.878073763593144,2.648637073005286,2.4588285623013486,
-0.6502179178303782,2.804472227299435,2.34136742729128,
-0.40070719967525487,2.964303767089478,2.294481604124159,
-0.18048030470476448,3.134182798277095,2.1820483817456595,
0.05291041583400233,3.2964155856892954,2.086083313857062,
0.06243363665318191,3.293566511004399,2.0541785575685076,
规划路径
0.06243363665318191,3.293566511004399,2.0541785575685076,
-0.0822920946510578,3.4244658081084345,1.826319309970078,
-0.3776561461037981,3.4622794054406465,1.862791339886444,
-0.6162143632779007,3.511118199829822,1.6875636332264368,
-0.7536210192287047,3.578666954522491,1.4295780199843666,
-0.899459999018615,3.644923664276054,1.1759226624882746,
-0.9342257383627439,3.833533872511084,0.945233406740646,
-0.9688260623065424,4.029171090153355,0.7204470711769048,
-0.8987149125755561,4.025366794097578,0.4287795309621609,
-0.828851873916775,4.054297499035082,0.13846561441460592,
-0.5898520966541267,4.084268468969655,-0.04036628271111778,
-0.8356978488694736,4.085864664817263,-0.2122887020649832,
-0.9174198506299677,4.086395258975156,-0.2694377238825256,
规划路径
-0.9174198506299677,4.086395258975156,-0.2694377238825256,
-1.2096264228533828,4.150504280770551,-0.24695767775535415,
-1.3330278738772818,3.9561967855961853,-0.4393548690141149,
-1.436788134105669,3.7179588072481247,-0.2894333092904833,
-1.4457527951455331,3.69737556354758,-0.2764804122706431,
规划路径
-1.4457527951455331,3.69737556354758,-0.2764804122706431,
-1.5712994907034288,3.5669727701365876,-0.0372459274965973,
-1.835328725744759,3.4724358993789344,-0.1437886096049467,
-2.0604371138699173,3.287274353901962,-0.07278568239576719,
-2.207570648936355,3.194506369247389,0.17164390640637092,
-2.336515990732532,3.1132060763969185,0.385857864216593,
规划路径
-2.336515990732532,3.1132060763969185,0.385857864216593,
-2.226845542612873,3.0315131076126134,0.6528759378753618,
-2.131170460335105,2.93896090046889,0.9217260217212994,
-2.054902633259522,2.8488424603926226,1.1975192147326372,
-1.923211099029681,2.7947663973216925,1.4615895069181448,
-1.8003131840611624,2.7015627105532096,1.7189009432538689,
-1.6674223016807075,2.5759016252346765,1.9567019209993617,
-1.5498984431513168,2.4019163785686435,2.1709850902379264,
-1.457113467501473,2.682933216946531,2.1465654465095625,
规划路径
-1.457113467501473,2.682933216946531,2.1465654465095625,
-1.4885761277661402,2.4148700832859586,2.2775320734843154,
-1.5351973778740813,2.1364523588265354,2.3790703901200048,
-1.6300423812907652,1.8715658421999746,2.4831835911866125,
-1.8033551169966986,1.7191348806983464,2.2915393958197443,
-1.7141806247141285,1.505131815091917,2.481935293457262,
-1.7629024217012579,1.2091248103499532,2.484392861774915,
-1.6423059296047304,0.9516471978960299,2.5801099719435756,
-1.4611819582840067,0.716494251790012,2.6236668192889683,
-1.5756771850259976,0.46784583208895447,2.5009280461426364,
-1.6901724117679888,0.21919741238789697,2.378189272996304,
-1.728814896166989,0.13527782069359728,2.336764566819273,
规划路径
-1.728814896166989,0.13527782069359728,2.336764566819273,
-1.9050299536839763,0.3562991376305632,2.236276602546261,
-1.792712501547788,0.1960674147689809,2.3941401664364483,
规划路径
-1.792712501547788,0.1960674147689809,2.3941401664364483,
-1.759767790216506,0.49405829872978535,2.383366166642645,
-1.792862640556966,0.7915845117183616,2.402933574892561,
-1.9332571029838712,1.042751124686459,2.318052908955056,
-1.9071534622221917,1.3346668002295916,2.3821141164927044,
-1.8402869909882116,1.627058041305129,2.376094385018437,
-2.0164330402039967,1.678288367433354,2.1387169997635103,
-2.250810266272422,1.6938026876994992,1.9520980785171647,
-2.4741099178189927,1.5062556262824573,1.8816469225790788,
-2.596682749081948,1.364712073677513,1.6472512661514171,
-2.646113015197302,1.1414433299893876,1.453066516792227,
-2.751669089962019,0.9435715108472731,1.253806239090785,
-2.8672876591726406,0.7256696475488121,1.0830692354133526,
-2.862174928962845,0.497561194152162,0.8882862960198058,
-2.8570621987530496,0.26945274075551184,0.693503356626259,
-2.8554169839530688,0.19605019688377368,0.6308245604597733,
规划路径
-2.8554169839530688,0.19605019688377368,0.6308245604597733,
-2.990004273355769,0.4031678986617461,0.4605644090988495,
-2.9719150994303924,0.37490667524023347,0.16244683994631393,
-2.9783371526241567,0.37569815634060383,-0.1374833699199885,
-2.9054623231748957,0.3557530440495049,-0.427813271460351,
-2.8954563386996894,0.3178966497836094,-0.7252469173174849,
-2.9344451891605425,0.33896977260416,-1.0219551798150621,
-2.914553804282709,0.24683483869751577,-1.306762986522779,
-2.724038797030064,0.2636875692265841,-1.53789069469564,
-2.6017500309019432,0.359941928118622,-1.4384895235144244,
规划路径
-2.6017500309019432,0.359941928118622,-1.4384895235144244,
-2.705966221735413,0.5146679400709309,-1.6734338718046011,
-2.471438490891142,0.5955622465667783,-1.8421136116715846,
-2.397677533159867,0.8854728652532471,-1.8195048901819926,
-2.5194134521532923,1.158868586965355,-1.7986447517274708,
-2.4451232036225896,1.4375921829459184,-1.7162183238240973,
-2.5099299563738855,1.6884231762566757,-1.8674925701205876,
-2.3902779086191597,1.9284877715249489,-1.73313343359917,
-2.3149909818233056,2.1715725421294176,-1.5742571516883432,
-2.2743862006504356,2.4414338125094117,-1.4496531931043597,
-2.1756365365439416,2.6866910165490636,-1.3078878669293492,
-2.060335066246955,2.858336535337383,-1.5252433058473616,
-1.920578449900898,3.0369891280554917,-1.3288983560712122,
-1.8064878942071858,3.2762621150856335,-1.188428491761555,
-1.6400997684957876,3.446813656754883,-1.37071168697299,
-1.5098421713262968,3.4075545983191216,-1.1323564696615134,
规划路径
-1.5098421713262968,3.4075545983191216,-1.1323564696615134,
-1.2379120132555492,3.438502452346831,-1.2552231431848808,
-1.3763847315847175,3.3309739612470315,-1.4986629301555632,
-1.3170120226942854,3.1126250798606905,-1.6956366528607645,
-1.368044138019911,2.8940162060287533,-1.894648922551164,
-1.5677745689011968,2.675136531242683,-1.941547141552743,
-1.7866792465930064,2.471749090445776,-1.9682733648311945,
-1.9238314960529257,2.360035092190796,-1.9836982893371178,
-1.836046528718457,2.3174015069832317,-2.267381522755019,
-1.6507088511292953,2.156882549087607,-2.440250286335831,
-1.5380252224852664,1.8864448204387607,-2.504793564520841,
-1.4253415938412375,1.6160070917899145,-2.569336842705851,
-1.2241423843103727,1.567964465994196,-2.7866172702431875,
-1.156687517014654,1.2757574720382945,-2.794674165512008,
-1.0892326497189353,0.983550478082393,-2.802731060780829,
-1.0217777824232166,0.6913434841264916,-2.8107879560496496,
-0.9990651589630416,0.5929549216369278,-2.8135007807253927,
规划路径
-0.9990651589630416,0.5929549216369278,-2.8135007807253927,
-0.8744938120101181,0.3950289824405376,-2.9661673138053666,
-0.5901115397265702,0.41490715266211414,-3.0596102459055956,
-0.29551633605587585,0.41739489354010284,-3.00297565294735,
-0.0009211323851816,0.41988263441809154,-2.9463410599891047,
0.20348327312772788,0.6172171031464965,-3.0426631574465013,
0.49349289901665216,0.5828149532609583,-2.9740270956785126,
0.7726607013406708,0.6869069741296068,-2.9389530406369504,
1.053638449398485,0.6281579157198143,-2.8517747564583646,
1.1621544105241486,0.8992428258655023,-2.9206024955776884,
1.4472097353398974,0.9797482522646079,-2.8730384533347695,
1.7322650601556462,1.0602536786637136,-2.82547441109185,
1.8319780072745342,0.7988039223990919,-2.7173016181814527,
1.9316909543934222,0.5373541661344703,-2.609128825271055,
1.970144701657838,0.43652751182090566,-2.5674125852074368,
规划路径
1.970144701657838,0.43652751182090566,-2.5674125852074368,
1.9671815541457016,0.7364717318205467,-2.5624442207252085,
2.087763663166531,0.7172921056071143,-2.288414848353556,
2.235257818198021,0.654919768090019,-2.0347316487833043,
2.3905842581046786,0.5836007305230229,-1.7881808589925576,
2.6668454228668605,0.5381758094786097,-1.6804017079829523,
2.7683995333798914,0.4780848675061711,-1.40458321452979,
2.8699536438929223,0.4179939255337325,-1.1287647210766276,
2.9548398085029945,0.38114152763945935,-0.8433943655257508,
3.056376200204441,0.30768517528150374,-0.6224455935910619,
规划路径
3.056376200204441,0.30768517528150374,-0.6224455935910619,
3.0093816756125804,0.6038200668009452,-0.6322251990613045,
2.984243022961145,0.8807707821661974,-0.5196803217831911,
2.972190957637333,1.1800781484381822,-0.5361073792421064,
2.9377081408677133,1.4629360099389384,-0.6299283019344987,
2.908070410109667,1.619265926468306,-0.432995835120748,
2.908029448045949,1.7204102165454138,-0.1784747864393038,
规划路径
2.908029448045949,1.7204102165454138,-0.1784747864393038,
2.9631544916517223,1.4405978260677876,-0.20311519800177666,
2.9750974631448686,1.3597879674031432,-0.19350176969141353,
规划路径
2.9750974631448686,1.3597879674031432,-0.19350176969141353,
3.0359358083483623,1.2758039363508156,0.08800378670330883,
3.0513918370399287,1.0779514192963457,0.31298265831639216,
3.057903799339806,1.062613214774006,0.6125195238756015,
3.068738646656958,0.8558950286099999,0.565483849379503,
规划路径
3.068738646656958,0.8558950286099999,0.565483849379503,
3.004903129702807,0.9144888177760788,0.27827000109506295,
3.0826767276507536,1.2042320769822807,0.27793652426120374,
2.979605870363864,1.423822195163483,0.4544487855217499,
2.967061670182554,1.7196366665933724,0.406112034136635,
3.1252549683996684,1.9702823126744697,0.3597262550682558,
3.073104188804839,2.119996766351046,0.6144140611131779,
3.004204705174183,2.4119606779442817,0.6112620010556485,
2.790421907621325,2.5471094840079767,0.7726054722282725,
2.591752509699805,2.726872181387873,0.6376393914516394,
2.3999662639882264,2.9084260452225084,0.4953150067434221,
2.188347620693531,2.999134997339098,0.6876413851110881,
2.0452639582945835,3.138655659439741,0.9113846540634798,
2.03802883285385,3.1457106192789555,0.9226983889109756,
规划路径
2.03802883285385,3.1457106192789555,0.9226983889109756,
2.0457049263856795,3.13262613608615,0.623082177921537,
2.0034236392331435,3.3339852044355687,0.404754858627366,
1.8060714934976672,3.4328331383013206,0.20157706322620703,
1.6148508292961872,3.573601654662126,0.01822253673743318,
1.3564269649306426,3.688020503031539,0.11884774960277752,
1.3310800595799297,3.9198240959097417,-0.06989712772611456,
1.0721033957852928,4.013937593637954,0.04873565507510519,
0.8131267319906558,4.108051091366166,0.16736843787632494,
0.5899220678985396,4.1847562876407265,0.35256020549034917,
0.5150100135292361,4.216388293238182,0.303930610669974,
规划路径
0.5150100135292361,4.216388293238182,0.303930610669974,
0.4839607886071985,4.168434020843048,0.5984409388263799,
0.4063630812189678,4.004389572525644,0.837330065377442,
0.3092468398651122,3.9032683254054077,1.1025524796756074,
0.5058774142138166,3.718991383725292,1.2343797378444772,
0.7808381114629082,3.8363204156074038,1.2092697150268887,
0.9814384604975079,3.7702584161785833,1.4223314717986362,
0.9821555251184353,3.730922595680738,1.7197405823586367,
1.0464014505301977,3.5206920560490955,1.9238865626623758,
1.2261177270749082,3.2813447289814563,1.9442560734685208,
1.3744740493818857,3.0211146143981984,1.9278034415959995,
1.5166539223426463,2.7717185384058802,1.912035774447545,
